image shape : (168, 300)
filter shape : [(100, 1, 3, 300), (100, 1, 5, 300), (100, 1, 7, 300)]
hidden_units : [100, 2]
dropout : [0.5]
batch_size : 50
non_static : True
learn_decay : 0.95
conv_non_linear : relu
non_static : True
sqr_norm_lim : 9
shuffle_batch : True

epoch	training_time	train_perf	val_perf

1	26.136912823	62.666666667	50.000000000
2	33.244801521	62.666666667	50.000000000
3	35.911254883	62.666666667	50.000000000
4	27.954211950	62.666666667	50.000000000
5	32.703326225	62.666666667	50.000000000
6	28.576534748	62.666666667	50.000000000
7	28.562605619	62.666666667	50.000000000
8	28.198508739	62.666666667	50.000000000
9	28.470713377	62.666666667	50.000000000
10	28.072450876	63.333333333	50.000000000
11	27.819584131	82.000000000	56.000000000
12	27.773712397	98.666666667	60.000000000
13	29.702167273	100.000000000	68.000000000
14	28.751733541	100.000000000	70.000000000
15	28.273318768	100.000000000	76.000000000
16	27.702903509	100.000000000	76.000000000
17	27.395486116	100.000000000	76.000000000
18	27.824740648	100.000000000	78.000000000
19	28.418983698	100.000000000	78.000000000
20	27.548741102	100.000000000	78.000000000
21	27.530382395	100.000000000	76.000000000
22	27.826892853	100.000000000	78.000000000
23	27.462734699	100.000000000	78.000000000
24	30.815593719	100.000000000	78.000000000
25	28.779786587	100.000000000	78.000000000

1	27.881949186	61.333333333	52.000000000
2	28.226282835	61.333333333	52.000000000
3	28.471451759	61.333333333	52.000000000
4	27.849583149	61.333333333	52.000000000
5	28.045718431	61.333333333	52.000000000
6	27.431791544	61.333333333	52.000000000
7	28.172207594	61.333333333	52.000000000
8	27.565469742	61.333333333	52.000000000
9	29.378836155	62.000000000	52.000000000
10	29.965048552	75.333333333	58.000000000
11	30.220147848	92.666666667	62.000000000
12	29.566283464	99.333333333	76.000000000
13	28.927820921	99.333333333	82.000000000
14	28.410999537	99.333333333	86.000000000
15	28.845332623	100.000000000	92.000000000
16	29.121197462	100.000000000	90.000000000
17	29.010997057	100.000000000	92.000000000
18	28.452499151	100.000000000	92.000000000
19	28.318422556	100.000000000	92.000000000
20	28.130313635	100.000000000	94.000000000
21	27.939148188	100.000000000	92.000000000
22	28.141365767	100.000000000	92.000000000
23	27.710428953	100.000000000	94.000000000
24	27.645992517	100.000000000	94.000000000
25	27.566996098	100.000000000	94.000000000

1	27.594998360	63.333333333	52.000000000
2	27.636330843	63.333333333	52.000000000
3	29.495456457	63.333333333	52.000000000
4	28.477415562	63.333333333	52.000000000
5	27.781373978	63.333333333	52.000000000
6	27.630398035	63.333333333	52.000000000
7	28.070879936	63.333333333	52.000000000
8	27.624967337	63.333333333	52.000000000
9	27.866090298	63.333333333	52.000000000
10	27.498398066	63.333333333	52.000000000
11	28.017134428	69.333333333	54.000000000
12	27.674997568	87.333333333	62.000000000
13	32.033172846	96.666666667	72.000000000
14	27.615204096	99.333333333	72.000000000
15	33.458647728	100.000000000	78.000000000
16	27.160315514	100.000000000	74.000000000
17	25.001095533	100.000000000	82.000000000
18	25.181762695	100.000000000	84.000000000
19	25.103564978	100.000000000	76.000000000
20	25.146939754	100.000000000	84.000000000
21	25.001669168	100.000000000	84.000000000
22	25.616500616	100.000000000	88.000000000
23	25.048173666	100.000000000	88.000000000
24	24.844600439	100.000000000	88.000000000
25	25.230518341	100.000000000	92.000000000

1	24.977032423	62.000000000	50.000000000
2	24.985921621	62.000000000	50.000000000
3	24.885767221	62.000000000	50.000000000
4	25.824905396	62.000000000	50.000000000
5	25.219469786	62.000000000	50.000000000
6	24.974039793	62.000000000	50.000000000
7	28.448963881	62.000000000	50.000000000
8	35.812762260	62.000000000	50.000000000
9	35.278098583	62.000000000	50.000000000
10	36.581978321	72.000000000	54.000000000
11	39.323030472	94.000000000	56.000000000
12	37.404056311	99.333333333	82.000000000
13	36.721094608	100.000000000	84.000000000
14	34.162310839	100.000000000	84.000000000
15	26.980490446	100.000000000	84.000000000
16	27.414949417	100.000000000	84.000000000
17	34.311748743	100.000000000	86.000000000
18	39.289236784	100.000000000	90.000000000
19	31.074401379	100.000000000	86.000000000
20	29.868288994	100.000000000	90.000000000
21	32.986510038	100.000000000	90.000000000
22	31.030467749	100.000000000	90.000000000
23	36.627835274	100.000000000	90.000000000
24	34.459941149	100.000000000	94.000000000
25	28.907075644	100.000000000	94.000000000

1	27.600829363	60.000000000	50.000000000
2	23.824945211	60.000000000	50.000000000
3	23.659585714	60.000000000	50.000000000
4	25.294106245	60.000000000	50.000000000
5	31.324492693	60.000000000	50.000000000
6	23.808594942	60.000000000	50.000000000
7	30.416551352	60.000000000	50.000000000
8	26.652364969	60.666666667	50.000000000
9	32.014803171	81.333333333	52.000000000
10	30.297588825	96.000000000	66.000000000
11	31.504378319	98.666666667	88.000000000
12	30.177235842	100.000000000	94.000000000
13	31.004842043	100.000000000	92.000000000
14	27.651884556	100.000000000	90.000000000
15	37.208571672	100.000000000	92.000000000
16	30.921389818	100.000000000	94.000000000
17	31.250036716	100.000000000	92.000000000
18	27.274559498	100.000000000	92.000000000
19	27.608168840	100.000000000	94.000000000
20	23.833317041	100.000000000	92.000000000
21	33.037925959	100.000000000	92.000000000
22	30.407093048	100.000000000	90.000000000
23	31.346509457	100.000000000	92.000000000
24	27.038403988	100.000000000	92.000000000
25	25.464743137	100.000000000	92.000000000
