ăn 0.347921 -0.927861 -0.705160 0.666985 -0.988379 -2.149140 -0.277140 -0.547066 -1.382720 1.635044
mình 0.031871 -2.045586 -0.277289 0.735512 -0.885902 -1.714845 -0.267804 -0.267408 -0.128401 0.070542
là 0.121417 -2.055264 -0.621181 0.713876 0.015150 -0.838339 -0.583107 -0.323799 0.578412 1.022855
thì -0.424808 -1.267772 0.356422 0.408160 -0.854179 -1.594358 0.539687 0.376104 -0.305158 0.369356
không 0.311222 -1.537634 0.436623 0.139470 -0.725794 -1.332523 1.244993 0.336019 0.766332 1.708674
có -1.311085 -1.639963 -0.832122 0.215783 -0.080075 -1.443085 0.461178 -0.267397 0.584228 0.770075
cũng 0.433136 -1.702175 -0.144457 0.359712 -0.406826 -1.293562 0.841457 -0.523170 -0.326434 0.886447
mà 0.492814 -1.460614 0.083797 1.122806 0.839310 -1.428399 0.312640 -0.048138 -0.161562 1.184162
và -1.438106 -1.447049 0.221890 -0.179837 -0.980732 -0.793748 0.185217 -0.865201 -0.299627 0.378909
1 -1.555173 -1.139578 -0.706730 1.437215 1.077099 -1.417012 -1.146290 -0.130946 -0.601696 -0.112115
ngon -0.080643 -0.949621 -0.453494 -0.284225 -0.327396 -0.530083 0.775236 -1.221313 -0.599036 2.425400
k -1.204471 -0.916400 0.215202 0.940516 2.519109 -1.989075 0.274575 -1.141178 0.405038 0.179916
ở 0.384258 -2.005090 -1.341846 0.637580 0.094211 -0.002520 -0.335442 -1.740211 0.400941 0.880876
ra 0.201723 -1.310124 -0.738069 0.823671 -0.230880 -1.824697 -0.085127 0.846308 0.136752 -0.905339
thịt -1.944352 -0.320921 0.483766 0.685847 -0.206267 -1.238391 0.561605 0.059474 -1.341926 0.493085
đồ 0.167344 -0.872962 -0.774213 0.077991 -1.523867 -1.691529 0.315509 0.351438 -0.574727 0.320047
quán -0.276910 -2.063758 -1.108792 -0.128155 -0.632395 0.266308 -0.053192 -0.269225 -1.106747 0.435349
thấy 0.704694 -1.273904 -0.619576 0.191220 -0.355588 -1.723466 0.254270 -0.297892 -0.264911 0.970266
cái 0.584422 -1.767206 -0.075431 0.917067 1.004195 -0.053483 0.007577 0.373039 -0.300962 1.097080
được 0.022547 -0.802704 -0.457238 0.530670 -0.066668 -1.448323 -0.061400 0.549047 -0.308614 1.381720
như -0.095582 -2.263450 1.404067 1.063775 0.176974 -0.008462 0.182621 0.164105 -0.965179 0.297522
nhưng 0.636737 -1.682878 0.213613 0.535284 -0.406378 -0.940297 1.098543 -0.537429 -0.306515 1.140246
nên 0.041672 -1.076221 -0.638344 -0.237887 -0.336567 -1.516921 0.294154 0.404110 -0.515244 0.917766
này 0.092146 -2.267374 -0.672168 0.291719 0.766731 0.140475 -0.634846 -0.259860 -0.890527 1.400895
gọi -0.803547 -0.963640 -0.125083 1.253283 -0.576140 -1.773051 -0.469724 0.625391 -0.461989 -0.664316
còn -0.161475 -1.297552 -0.424494 0.247192 -0.124954 -1.231243 0.553728 0.784550 0.088185 0.164108
cho -0.380129 -0.836461 -0.523233 1.069218 0.194136 -1.389542 0.135626 1.298265 -0.527538 -0.342829
bạn 0.088529 -1.880427 -0.632850 0.878799 -1.309962 -0.768221 0.152418 -0.133668 -1.176191 -0.553514
đi 1.276067 -1.017326 -0.641547 0.216949 -0.406958 -1.618920 -0.132073 0.264382 -0.269079 -0.050798
lại 0.552167 -1.211270 -0.877607 0.062900 0.322812 -1.081956 0.134273 1.151886 0.410299 0.395613
luôn 0.122542 -1.392969 -0.348235 0.503350 -0.560031 -0.530252 -0.065451 -0.132525 -0.342215 0.428970
đến 0.558318 -1.009369 -0.576686 1.460486 -0.438287 -1.592923 -0.654504 -0.240801 0.252806 -0.154292
gì -0.094966 -1.011109 -0.111523 1.230968 -0.122146 -1.596389 0.945442 0.986354 1.047912 1.160299
rất -0.525650 -1.309738 0.001601 -0.226031 -1.265145 -0.375480 1.226786 -1.195117 -0.253022 0.967807
rồi 0.603459 -1.130671 -0.734548 0.547307 -0.407616 -0.841380 -0.315365 0.606325 -0.611108 -0.025991
nhân_viên 0.403582 -2.252274 -0.563409 0.866561 -1.373686 -0.311933 0.458021 -0.192057 0.170806 -1.082176
phải 0.874555 -1.496042 -0.445547 0.637130 0.199601 -0.920106 0.280971 0.585540 0.669183 0.307458
đây 0.776610 -1.475939 -0.950132 0.233775 -0.273798 -0.485175 -0.492424 -1.295260 0.612453 0.866572
lẩu -1.152341 -0.613598 -0.516561 -2.006796 -0.135458 -1.209664 -1.375291 0.745892 -0.219829 1.535617
của 0.116190 -1.748962 -0.328879 -0.037134 -0.573674 0.134435 -0.587059 0.249728 -0.395478 0.179124
kiểu 0.214595 -1.863142 1.344909 1.195578 -0.301430 -0.024504 0.490513 0.941822 -0.473546 0.437238
khách 0.469311 -2.100537 0.385432 1.093891 -0.680564 -0.232597 0.768122 0.785717 0.375576 -0.847089
em 1.452590 -1.197837 -0.830694 1.080720 -0.654668 -0.375043 -1.055898 0.050080 -0.576349 0.005953
ko 0.414858 -1.093674 -0.576999 0.117118 0.333085 -1.051880 0.447299 0.923565 0.939706 0.722532
nhiều -0.749732 -0.990145 0.192097 -0.225365 -0.139983 -1.051240 0.717153 -0.400049 -0.496597 1.122871
quá 0.118656 -1.021752 0.167697 -0.520153 -0.062977 -0.361009 0.604501 -0.117637 -0.708131 1.452601
vào 0.400555 -1.363978 -0.093174 1.172042 -0.318472 -0.663317 -0.038313 0.627949 -0.178697 -0.138538
ý -0.223934 -1.483178 0.437462 1.017257 -0.053981 0.020162 0.230370 -0.093571 -0.909856 0.205249
2 -1.344389 -0.843716 -0.832424 0.794198 0.509182 -1.307572 -1.247988 0.360175 -0.198217 -0.707032
cả -0.622985 -1.147785 -0.227817 0.580892 -0.256178 -0.829644 0.294318 0.205944 -0.425774 0.294802
các 0.075042 -1.229807 -0.720341 0.618309 -0.624166 -0.427885 -0.023401 0.193745 -1.411136 -0.416133
lần -0.278792 -1.029569 -1.158475 0.786263 0.088074 -1.442438 -1.235186 -0.132933 -0.062144 -0.265128
với -0.703644 -0.842605 0.095057 0.540631 -0.209180 0.136567 0.851551 -0.689351 -0.434309 0.448869
bàn 0.709468 -1.177014 -0.193833 1.291642 -0.907615 -0.589649 0.208201 0.003915 0.893136 -1.366009
nào -0.333074 -1.193924 -0.397705 0.394308 -0.256708 -0.762581 0.004893 -0.633567 -0.657087 0.661606
xong 0.991873 -0.576357 -0.530383 0.828275 -0.677939 -1.149499 -0.299253 0.877319 -0.228681 -0.602174
mới 0.495302 -1.121626 -1.577091 0.205369 -1.012175 -1.410749 -0.199049 0.702345 0.091788 -0.504093
nước -0.991221 -0.975923 -0.144791 -1.216778 0.082585 -0.653993 -0.566776 0.488594 0.250081 1.661077
trong -0.481539 -1.150428 -1.121184 0.062737 -0.118606 0.207561 -0.184984 -0.934252 -0.117495 0.548635
thêm -1.061082 -0.483574 -0.318803 0.862454 -0.253647 -1.584472 -0.152199 1.025461 -0.773086 0.311126
lắm 0.710465 -1.175221 -0.215248 0.039205 -0.542301 -0.302376 0.559475 -0.816033 -0.743273 1.496519
chỉ -0.077119 -0.793045 -0.568424 0.522861 0.575263 -1.450236 -0.403028 -0.162181 -0.171975 0.408395
về 0.853511 -0.784682 -0.698573 -0.581780 -1.003296 -1.072814 -0.159488 0.435007 -0.096062 -0.424914
lúc 0.676459 -0.694093 -0.483226 1.133128 -1.257989 -1.747040 -0.703850 0.313312 0.520036 -1.022822
món -0.290916 -1.036654 -0.317106 0.353631 0.220696 -0.145377 -0.559087 -0.413403 -0.414661 0.698504
vừa -0.096556 -0.067226 0.299099 0.713681 -0.106381 -0.553133 0.643155 0.256043 -0.695852 1.272292
để 0.590896 -1.134560 -0.622051 0.809529 0.037634 -0.472097 0.033570 0.772660 -0.095299 -0.136301
nói 0.630227 -1.858579 -0.386849 0.700781 -0.337708 -0.482492 0.056750 0.648513 0.581631 0.099769
hay 0.095949 -0.384984 0.155192 0.266817 0.218592 -1.130115 0.391000 0.035359 0.421247 0.705915
nó 0.452174 -1.268082 0.267250 0.532687 0.219623 -0.263681 0.547783 0.695583 0.442217 0.737900
phục_vụ 0.808725 -1.411463 0.215807 0.364722 -0.856531 0.351182 0.460007 -0.346810 -0.106948 -0.489741
vì 0.326625 -0.665294 -0.777232 -0.232221 0.211652 -0.960540 -0.024797 -0.365158 -0.048851 0.828822
hết 0.108857 -0.866157 -0.111783 0.755329 -0.481896 -1.253711 0.214747 0.394678 -0.408929 -0.449986
làm 0.810976 -0.814739 -0.696046 0.583356 -0.404901 -0.853924 0.050927 0.400022 -0.219384 0.217611
đã 0.644597 -1.074186 -0.590134 0.399539 -0.263939 -0.722418 -0.628456 0.149897 -0.515832 0.107943
bò -1.782815 0.119149 0.677908 0.078187 -0.072661 -1.052156 0.449943 -0.257556 -0.538733 0.616366
bị 0.423465 -0.684884 0.949518 0.014894 -0.460900 -0.410101 0.657949 -0.070067 -0.288404 0.685095
nướng 0.226771 -0.362722 0.107259 0.153211 0.310443 -0.860296 -0.083253 0.127933 -0.667845 0.556747
vẫn 0.691510 -1.266273 0.183754 0.579891 -0.629189 -0.984832 0.752873 0.345301 -0.114481 0.164581
ạ 0.898099 -1.047971 -0.329570 0.298173 -0.040370 0.129922 -0.028889 -0.095608 -0.566778 0.486519
lên 0.648648 -0.881186 -0.720449 0.357593 -0.634662 -1.455901 -0.004364 1.053050 -0.054980 -0.626041
vị -1.103791 -0.560451 0.648264 0.018846 -0.266936 0.223717 0.838101 0.152230 1.218414 1.920060
hơi -0.332569 -0.709786 0.724945 -0.352092 -0.453915 -0.525669 1.404448 -0.453513 -0.310676 0.781590
chưa 1.355769 -0.625294 -0.632056 0.518703 -0.424634 -1.099521 -0.415490 -0.568138 -0.161448 0.776734
nữa -0.497342 -0.430363 -0.441374 0.513344 -0.075620 -1.030432 0.134828 0.627562 -0.192695 0.571753
người 0.112201 -0.814495 -0.802447 0.512904 1.157653 -1.441898 -1.062257 0.604557 -0.200879 0.376190
bún -0.679256 0.055400 0.162291 -0.262977 0.033519 -0.020697 -0.745612 -0.551625 -1.053134 0.802666
thôi 0.261506 -0.772895 -0.165274 0.102473 1.061420 -1.079881 -0.098167 0.115944 -0.329790 0.905112
e 0.944535 -0.847124 -0.685427 0.438270 -0.322726 -0.298464 0.376017 -0.410206 -0.108466 0.557362
miếng -0.932015 0.127153 0.137842 0.516414 -0.076304 -0.623000 -0.267251 0.199685 -1.169216 0.165704
ấy 0.376185 -0.899738 0.045847 0.716366 -0.737350 -0.391056 0.196820 -0.094275 -0.416576 -0.437049
giá -0.476483 -0.155715 0.301780 0.459413 1.399218 -0.687045 0.604530 -1.344877 0.048586 0.299658
thích 0.241833 -0.893390 -0.331963 -0.068234 -0.363116 -0.376008 0.096957 -1.175564 -0.382221 1.445537
biết 0.873574 -1.159780 -0.280769 0.474101 -0.093930 -0.804305 0.431508 0.445358 0.738982 0.854420
chứ 0.352803 -1.084760 0.234847 0.017574 0.315877 -0.728903 0.495991 0.311207 0.662286 0.741666
chả -1.075547 0.403729 -0.056452 -0.221483 -0.529215 -0.663693 0.528885 0.177803 0.131461 0.807579
hỏi 0.516126 -1.484074 -0.847549 0.461727 -1.051176 -1.081186 0.298571 0.620494 0.341259 -0.681153
cứ 1.100314 -1.151743 0.240180 0.670492 -0.405185 -0.746711 0.073315 0.774798 0.282344 0.272224
khi 0.362457 -1.150919 -1.070389 0.200493 -0.915033 -0.936577 -0.681311 -0.141908 -0.069879 -0.143929
từ 0.519209 0.100872 -0.347387 0.817814 -0.480554 -0.681910 -0.556605 -0.537382 0.466362 -0.412727
bánh 0.352588 -0.668687 0.072992 0.151372 1.232222 0.336172 -0.202366 0.513590 -0.077805 0.144385
gà -0.883726 0.269721 1.218772 0.310929 -0.869616 0.294214 0.320456 -0.246422 -1.171645 0.451466
khá 0.068083 -1.087030 -0.096647 -0.421165 -0.414774 -0.215778 0.582878 -0.924269 -0.212685 0.993866
thế 0.807688 -1.444679 -0.204353 0.391970 0.776152 0.029680 -0.209315 0.424567 -0.246627 0.674650
đúng -0.367486 -0.846654 0.226087 0.411460 0.184392 0.123121 -0.002910 0.336427 0.676927 1.361522
đâu 1.071014 -0.655961 -0.470660 0.390751 0.348446 -0.582298 0.331339 -0.597092 0.369496 0.950236
đĩa -1.392315 0.084677 0.018052 0.953959 0.283266 -0.959128 -0.613781 0.590462 -0.590037 -0.948894
chỗ 0.272254 -1.513495 -0.863112 0.019967 -0.152537 0.013973 -0.101331 -0.754996 -0.255136 0.514595
hơn -0.308762 -0.965154 -0.071556 0.086959 0.639684 -0.351930 0.492898 -0.605464 0.002687 0.625419
khác -0.281101 -1.126485 -0.628340 0.434200 0.010587 -0.112964 0.014256 -0.125051 -0.351465 0.357199
mấy 0.211689 -1.033832 -0.689719 0.101865 0.385906 0.122295 -0.529261 -0.313583 -0.194162 0.588683
bán -0.215955 -0.936938 -0.758387 0.183935 0.613093 0.450191 -0.031437 -0.317828 0.036820 0.294018
bát -0.666623 -0.359317 -0.026458 0.621294 0.853936 -0.445801 -0.716766 0.295843 -0.615376 0.244974
cơm -0.352530 0.473517 0.754518 0.245969 -0.229575 -0.155590 -0.293415 0.279036 -0.789582 0.205975
thơm -0.740327 -0.302634 0.338260 -0.891509 -0.696445 0.397333 1.105311 -1.094972 0.029444 1.440133
đó 0.413432 -0.872797 -0.788814 0.526764 -0.285872 -0.471370 -0.291331 -0.205263 0.663438 -0.286039
đc -0.205859 -0.444307 -0.325569 0.271594 0.600369 -0.614705 -0.087301 0.037785 -0.409979 0.202398
hàng -0.046347 -1.142649 -0.666246 0.345252 0.494392 0.585870 -0.224105 -0.371547 -0.138124 0.368632
mang 0.373902 -0.606603 -0.790155 0.704843 -0.719276 -1.347777 -0.422571 1.281944 -0.058308 -1.616228
nhất 0.374575 -0.890419 -0.369306 0.015319 0.075570 0.052684 -0.022304 -1.274529 0.072967 1.361967
sau 0.016924 -0.422442 -0.883713 0.444733 -0.702501 -1.220957 -1.142775 0.412509 0.329810 -1.149286
bên -0.260901 -0.554779 -1.104153 0.177511 -0.029361 0.893418 -0.111755 -1.165606 0.168440 -0.316933
ngồi 0.493362 -0.791538 -0.629343 0.252396 -0.757041 0.072092 -0.287958 -0.760242 0.341737 -0.437482
thái_độ 0.817721 -1.509506 0.183279 0.571769 -0.653359 0.573721 0.606801 -0.069337 0.416918 -0.492425
toàn -0.541919 -0.087285 0.259768 0.378848 0.422668 -0.672596 0.205222 -0.032770 -0.780807 0.282726
thử 0.704039 -0.770473 -0.495563 0.189369 -0.275987 -0.784607 -0.324943 -0.419134 -0.501827 0.634270
3 -0.680155 -0.473652 -0.716714 1.015064 0.531852 -1.201071 -0.837179 0.217811 0.293208 -1.131294
chán 0.179886 -0.162237 0.231112 -0.242305 0.141061 0.032551 0.181069 -0.117869 -0.556512 1.185535
chị 0.608628 -0.326981 -0.701295 0.278875 -0.883767 0.124180 -0.142629 0.302473 -0.723779 -0.540370
nhé -0.130687 -0.400558 0.073654 -0.003998 0.776454 -0.312764 -0.008364 -0.626507 -0.602569 0.620222
thái -1.212304 0.082130 -0.143820 -1.486172 -0.318699 -0.460203 -0.577669 0.281752 -0.224296 0.735266
bọn 0.609226 -0.957661 -0.417314 0.904542 -0.908145 -0.543198 -0.491251 0.288263 -0.309821 -0.652486
chủ 0.053982 -1.039372 -0.826630 -0.183502 -1.367576 0.623422 -0.019883 0.078691 -1.065707 -0.722070
giòn -1.244759 0.274729 -0.624596 -0.592323 -0.778479 0.466382 0.598641 -1.338617 -0.409761 0.603125
ngọt 0.374247 -0.467286 1.129548 -0.393071 -0.673485 -0.085814 0.673873 0.054552 0.709654 0.849517
nhìn 0.838686 -0.645086 -0.150005 -0.008266 -0.231652 -0.114950 0.115778 -0.232515 -0.224423 0.159731
vs -0.482913 -0.116789 0.487729 -0.010296 -0.365205 0.169736 0.517160 -0.065338 -0.643198 -0.079636
loại -1.262435 0.212692 0.137545 0.324531 1.011421 -0.502977 -0.203370 -0.273223 -0.551593 -0.215608
ngoài -0.071244 -0.611418 -1.028132 0.286924 -0.314465 0.066130 0.296525 -0.792487 0.369553 -0.274675
rau -1.254480 0.227686 0.417100 -0.027782 0.242430 -0.689098 -0.115962 -0.185402 -0.430145 -0.113175
ít -0.751838 0.291207 0.626191 0.053297 -0.250461 -0.311881 0.870484 -0.190732 -0.351120 0.335531
đấy 0.281234 -0.884154 -0.030180 0.575164 -0.076100 -0.340943 -0.178480 -0.110991 0.324856 -0.265711
tôm -0.128774 0.246068 0.698618 -0.203217 -0.099547 0.302604 0.558130 -0.327965 0.206194 0.489039
trà -1.804383 0.667685 0.731624 -0.370892 0.478553 0.600272 0.205017 -0.505646 0.548583 0.163436
bảo 0.359689 -0.908349 -0.402680 0.497528 -0.364133 -0.700949 0.020921 0.302539 -0.245628 -0.596228
một -0.091478 -0.207791 -0.366361 0.012600 0.332615 0.148626 -0.687451 -0.101300 -0.113045 0.332827
nhà 0.490843 -0.409217 -0.288479 -0.316357 -0.596067 -0.078532 0.232095 -0.113415 -0.160850 -0.092320
tươi -0.419671 -0.370257 0.279602 -0.333093 -0.422342 -0.572003 0.461065 -0.524645 -0.357274 0.656668
kèm -0.463396 -0.111559 0.004105 -0.042107 -0.513724 -0.871151 -0.010042 -0.230874 -0.711666 0.656374
trước 0.401867 -0.497735 -0.219846 0.333659 -0.516990 -0.054325 -0.176295 -0.029611 0.194171 -0.751826
đậu -1.012834 0.480334 0.299606 -0.651686 -0.221537 0.440939 -0.219567 -0.198804 -0.193542 0.821746
chắc 0.369807 -0.149655 -0.503232 0.078551 0.257655 -0.648361 -0.207697 0.045717 0.140586 0.271673
gogi 0.554655 -0.040122 -0.704649 0.318535 0.031627 0.235352 -0.479616 -0.975740 -0.019761 0.312794
5 -0.908107 -0.182191 -0.042311 0.399923 1.868973 -0.915703 -0.527644 -0.222907 0.318976 -0.496579
mùi -0.919089 -0.213078 0.167449 -0.515184 -0.259541 -0.094886 0.894171 -0.402109 0.118753 0.715814
suất -0.992268 0.163756 -0.018970 0.483270 1.499981 -0.214183 -0.837680 -0.344973 -0.393522 -0.047100
thứ -0.226383 0.100315 -0.771146 0.395326 0.146634 -0.271498 -0.903155 0.508462 -0.783632 -0.631347
đá -0.884701 -0.272524 0.047307 0.096696 0.309620 -0.140856 0.007360 0.246429 0.247918 0.087973
chiên -0.059351 0.571685 0.153970 -0.126151 -0.317461 0.502917 0.007694 -0.090137 -0.146925 -0.169886
dừa -0.985913 1.269193 0.145753 -0.982720 -0.135299 0.795488 0.688079 -0.708408 -0.165296 0.290414
mua 0.295762 -0.613230 -0.165671 0.112768 0.498311 -0.597206 -0.268661 0.539623 0.309422 -0.382637
sao 0.813889 -0.055439 0.185425 0.281322 -0.207953 -0.306889 0.506931 0.228736 0.529848 -0.263044
20 -0.662090 0.334389 0.084002 0.311824 1.554259 -0.701163 -0.143681 -0.419544 0.541758 -0.309330
ai -0.040196 -0.342198 -0.263602 0.215562 -0.515197 -0.696376 0.360343 0.111026 -0.154920 0.342564
cay -0.173201 0.078197 0.483058 -0.589147 -0.329512 -0.022549 0.733694 0.492249 0.445832 1.380379
mì -1.169357 0.361643 0.823190 0.269462 0.238672 0.171687 -0.327293 -0.209496 -0.124901 0.283653
mặn 0.035301 -0.058594 0.792160 -0.597359 -0.632588 0.340829 0.302453 0.252515 0.538362 0.556471
mềm -1.212892 0.731611 0.400713 -0.523403 -0.547019 0.161459 0.688269 -0.595384 -0.428383 1.032915
mỗi -0.240187 -0.344209 -0.628770 0.320461 0.904211 -0.532932 -0.960961 0.201828 -0.323835 0.429289
muốn 0.238949 -0.687165 0.385982 0.288484 -0.419690 -0.183863 0.395014 0.540621 0.298252 -0.173557
rẻ 0.341161 -0.251118 -0.326939 0.054467 0.686819 -0.308255 0.507293 -0.341546 0.119321 0.741239
sẽ 0.531275 -0.219495 -0.326787 -0.038735 -0.300733 -0.630983 -0.283238 0.487815 0.451015 -0.145693
sốt -0.695269 0.190453 0.517730 0.003136 -0.124574 0.017960 0.637690 -0.193337 -0.032628 0.639701
uống -0.041705 -0.309843 -0.193717 -0.194770 -0.638949 -0.248307 -0.059597 0.216758 0.101692 0.350886
4 -0.446843 -0.106611 -0.249332 0.825496 0.810099 -0.648314 -0.754235 0.310370 0.421327 -1.230181
chua -0.637508 0.216891 0.646728 -1.445299 -0.122314 0.534135 0.715088 -0.515787 -0.206357 1.226141
con 0.024260 -0.127094 0.024488 0.179932 0.277605 0.342268 -0.278294 -0.097826 -0.115152 0.080509
no 0.301238 -0.480976 -0.335112 0.029541 -0.271335 -0.550048 -0.112832 -0.539365 -0.946018 0.826633
rán 0.028454 0.554013 -0.311641 -0.451904 0.053725 0.314506 -0.211966 0.521361 0.055314 0.043094
tí -0.925540 -0.529200 -0.027089 0.167026 0.188612 -0.473674 0.445406 -0.325487 0.032698 0.561095
to -0.636519 0.019147 0.321244 0.107643 0.058087 -0.133193 0.085184 -0.141342 -0.306750 -0.214308
đều -0.551543 0.178124 -0.166842 0.277001 0.107589 -0.404782 -0.178693 0.086802 -0.016773 -0.537728
ốc 0.008918 0.547545 0.508871 -0.231786 0.327546 0.434579 -0.336353 -0.361231 -0.313417 0.427505
lâu 0.555591 -0.557877 -0.048848 -0.005691 -0.722627 0.002799 0.455099 -0.044104 -0.204432 0.034579
nv 0.577790 -0.589329 0.039702 0.438337 -0.247769 0.179214 -0.007011 -0.419771 -0.082817 -0.342402
quay 0.649308 -0.108452 -0.722309 -0.104457 0.308960 -0.617592 -0.387587 0.856764 0.670816 -0.161336
sạch_sẽ -0.080441 -0.536239 -0.458093 -0.620924 -0.900795 0.293481 0.278496 -0.288358 -0.719174 0.377069
theo 0.109340 -0.778863 -0.003997 0.303032 -0.443740 -0.588937 -0.188062 0.120788 -0.422186 -0.107036
đầu_tiên 0.273883 -0.345581 -0.381598 0.228724 0.249493 -0.297587 -0.771609 0.080492 -0.012039 0.060012
đầy_đặn 0.103420 -0.247259 -0.049156 -0.223924 0.019654 -0.140039 0.506343 -0.661276 -0.156273 0.769698
hôm 0.466122 -0.210244 -0.078903 0.252033 -0.502682 -0.187599 -0.168347 -0.100346 0.012720 -0.224054
h 0.525471 0.758245 0.332683 0.402026 0.042288 0.015072 -0.175769 -0.239738 0.956651 -0.767402
lấy 0.280641 0.284262 -0.154068 0.266647 -0.070086 -0.350470 0.144320 0.851763 0.161073 -0.304415
mặt 0.498691 -1.022630 0.968981 0.874508 -0.308096 0.394456 0.179314 0.458967 -0.195799 -0.852553
mọi 0.227158 -0.242701 -0.444849 0.160002 0.792732 -0.761844 -0.796084 0.789126 -0.065871 0.235737
ng -0.251834 -0.078885 -0.131887 0.509626 0.644834 -0.460633 -0.586257 0.042563 0.356408 -0.304727
nhân 0.219936 0.464901 0.139178 0.197384 0.914180 -0.001366 -0.150476 0.242969 -0.111428 0.326872
qua 0.721382 0.121095 -0.076996 -0.080229 0.196288 -0.667982 -0.253538 0.032312 -0.078672 0.075010
review 0.286274 -0.558865 -0.550687 0.103602 -0.133216 -0.306502 0.043239 0.165067 -0.062075 -0.114557
tiền -0.022201 -0.342398 0.080290 0.007574 0.671024 -0.497398 0.093752 0.196732 0.567928 -0.123498
trên 0.146093 -0.056289 -0.260155 0.279325 0.348999 0.235264 0.061186 -0.430920 -0.069675 -0.052328
ưng 0.522328 -0.245890 -0.158690 -0.077377 -0.653099 -0.040445 0.572407 -0.551978 0.020577 0.389926
bỏ 0.522055 -0.287883 -0.465310 0.308379 0.029340 -0.496993 -0.277186 0.652407 0.406992 -0.694145
cô 0.673718 -0.454085 -0.422823 -0.055757 -0.573554 0.280154 -0.035609 0.061442 -0.061792 -0.258275
cảm_giác 0.077923 -0.380536 0.600420 -0.027194 -0.091417 -0.170110 0.409828 -0.075836 -0.194906 0.134707
ngay 0.612344 0.001270 -0.336564 0.176045 0.124113 0.054435 -0.204657 -0.009294 0.277414 -0.580845
nhạt -0.179712 0.581071 0.847815 0.055158 0.001645 0.364777 0.722980 0.261048 0.059378 0.307195
nhỏ -0.396478 -0.151188 -0.105170 0.007139 0.208238 -0.186547 -0.065090 -0.206158 -0.342694 -0.138357
nhiệt_tình 0.384447 -0.876916 -0.274473 -0.047531 -1.165922 0.275506 0.209034 -0.439686 -0.060994 -0.466849
t 0.668382 -0.065361 -0.041466 0.164684 -0.077300 -0.528749 0.107974 0.056235 0.166611 0.071296
thật 0.244833 -0.001665 0.073414 -0.252680 0.149765 0.404734 0.149048 -0.062463 -0.022356 0.658726
bánh_mì -0.094118 -0.036807 -0.026703 0.303081 0.344390 -0.413560 -0.037589 -0.070023 -0.393860 0.254022
cùng 0.254540 -0.048439 -0.163033 0.130933 -0.344698 -0.073221 -0.213479 -0.051388 0.052828 -0.167333
cốc -1.252628 0.262163 -0.034091 0.206870 0.741247 0.311285 -0.523331 0.115097 -0.123477 -0.526289
chân -0.433846 0.705823 1.009727 0.052707 -0.753588 0.594988 0.273305 -0.038245 -0.670480 -0.002084
m 0.450605 -0.010824 -0.160904 0.478596 -0.148901 -0.196412 -0.283514 0.391896 0.139360 -0.354305
nghĩ 0.597383 -0.780979 -0.067875 0.279376 -0.034493 -0.461631 -0.157383 0.219990 0.655256 0.210173
sụn -0.794619 1.035330 0.858880 0.038424 -0.200600 0.323946 0.051376 0.031057 -0.292656 -0.322790
trứng 0.058314 0.562444 -0.126544 -0.112667 0.567269 0.156181 0.019357 0.341375 -0.195328 0.315453
ổn 0.200463 -0.539756 0.000116 0.068880 -0.090915 -0.249929 0.258178 -0.637191 -0.065112 0.678008
10 -0.083175 0.383322 0.058118 0.029548 0.632507 -0.393266 0.062016 -0.637374 0.365550 -0.284493
cực -0.108578 0.117094 0.005860 -0.342065 -0.509451 0.537100 0.602547 -1.063199 -0.236355 1.059639
chuẩn -0.462694 0.225282 0.633439 -0.241781 0.202587 0.916080 0.266871 -0.041194 0.659410 1.088739
dai -0.306872 0.462685 0.756980 -0.230850 0.350462 0.718157 0.185329 -0.255384 -0.184044 -0.015406
nhanh 0.575094 -0.325380 -0.042859 0.108208 -0.501871 -0.040751 0.318780 0.280089 0.412535 -0.487313
vừa_miệng -0.439257 0.253773 0.164991 -0.689143 -0.304893 0.193070 0.736389 -0.442905 -0.209812 0.785186
ăn_ở 0.968872 0.002078 -0.375939 -0.064558 -0.013105 -0.176163 -0.163611 -0.538053 0.595751 -0.033800
đông 0.556848 -0.927571 0.219632 0.079867 -0.523051 0.180449 0.940093 -0.085093 0.286542 -0.147224
đặc_biệt -0.301907 -0.172001 0.022555 -0.108046 -0.052909 0.116519 0.286882 -0.412988 0.801003 0.695819
đặt 0.677942 -0.359969 0.321177 0.940942 -0.874768 0.083646 0.222150 0.292115 0.840852 -1.690616
đứa 0.228465 -0.306615 -0.254780 0.466933 0.111417 0.164478 -0.501637 -0.284963 0.039548 0.032645
đang 0.339166 -0.307490 0.001466 0.132864 -0.284599 -0.103959 0.015727 0.267774 0.165408 -0.353241
bình_thường 0.297627 -0.269971 0.079503 -0.256831 -0.066646 0.059382 0.057989 -0.135174 -0.170936 0.637608
mất 0.323803 0.185018 -0.269020 0.051843 0.053948 0.012876 -0.227943 0.087787 -0.178025 -0.136419
nói_chung 0.563143 -0.527681 -0.057717 -0.035276 -0.068988 0.015086 -0.011592 -0.269654 0.062039 0.548550
nếu -0.085735 -0.167190 -0.279639 0.062516 -0.071684 -0.404047 -0.140947 0.185076 0.181586 0.127252
nghe 0.163718 -0.317678 -0.217281 -0.056201 -0.105581 -0.083452 0.190177 0.275098 0.523503 -0.144890
những -0.052978 -0.804386 -0.211059 0.423725 -0.063317 -0.158151 -0.020013 -0.044930 -0.145769 0.168457
ok 0.203542 -0.585536 0.077780 0.045868 -0.179357 -0.443609 0.295513 -0.329587 -0.082407 0.246439
r 0.201331 -0.009048 -0.341770 -0.093551 0.170843 -0.006436 -0.117089 0.108952 0.086849 -0.147390
đưa -0.027953 -0.401323 -0.090387 0.590268 0.614970 -0.389402 -0.381999 -0.054255 0.057221 -0.721136
đầu 0.598642 0.105942 -0.379452 0.515585 -0.692237 -0.424479 -0.754711 -0.171659 0.356187 -0.678966
đầy -0.673586 1.125157 0.058718 -0.275549 0.416543 0.457968 0.414866 -0.003141 -0.459729 -0.098271
30 -0.826921 0.066523 0.230713 0.254411 1.503008 -0.457042 -0.177782 -0.808117 0.257262 -0.213940
chất_lượng 0.120933 0.061110 0.149904 -0.137038 0.347218 0.063935 0.060080 0.112205 0.183547 -0.295422
chờ 0.496756 0.472671 -0.139046 0.000209 -0.124170 0.361939 -0.073820 0.151871 0.407942 -0.697716
dùng 0.024296 -0.145678 -0.124159 -0.165907 -0.158563 -0.243604 -0.236165 0.594182 0.234961 0.001852
giờ 0.429695 -0.205199 -0.070774 0.177393 -0.134070 -0.255759 -0.044891 0.112086 0.159411 -0.151681
khoai 0.272763 0.212592 0.145320 -0.162258 0.099825 0.193053 0.172430 -0.110880 0.034656 0.202619
lòng -0.459423 0.413614 0.376559 -0.237338 -0.154979 0.077071 0.106718 -0.005870 -0.243400 0.149807
mỡ -0.141328 0.328114 0.265292 0.206396 -0.033658 -0.604328 0.160129 -0.073488 -0.224123 0.342479
nóng 0.286996 0.265813 -0.193084 0.091576 -0.438950 0.017433 0.113978 0.090074 -0.280719 0.154071
nhau -0.052345 0.063248 0.057957 -0.048271 -0.040883 0.070265 -0.015533 -0.103230 -0.232794 0.152927
thật_sự 0.196444 -0.435142 0.298343 -0.161120 -0.056173 0.241032 0.322230 -0.380471 0.203933 0.354319
trc 0.428942 0.045826 -0.137473 0.257140 -0.111687 0.061454 -0.147065 0.083444 0.153591 -0.806430
vài -0.385915 0.161429 -0.108026 0.327588 0.234990 -0.147066 -0.395819 0.278663 -0.365236 -0.070880
25 -1.049605 0.283694 0.558982 0.315778 1.945376 -0.604781 0.047559 -1.064512 0.144649 -0.179306
bột 0.034799 -0.250854 0.428422 -0.017918 0.394986 0.251220 0.156361 0.155676 0.350244 0.280512
gần 0.304756 0.040875 -0.407886 -0.125337 -0.055523 -0.358287 -0.078699 0.100345 -0.009007 -0.393306
kem -0.200494 0.610778 0.526150 -0.280597 0.050640 0.657435 0.059153 -0.320884 0.085990 -0.151276
kia 0.452326 -0.372737 -0.340058 -0.051747 0.615535 0.653994 -0.323364 -0.060186 -0.102403 0.287413
nước_chấm 0.129119 0.186205 0.470316 -0.255732 -0.106091 0.564228 0.576511 -0.345389 0.317969 0.588057
nước_dùng 0.020301 0.303402 0.059572 -0.533111 -0.113606 0.462003 0.451652 -0.555412 0.078724 0.695221
ngậy -0.474995 0.509500 0.230957 -0.425043 -0.106865 0.589265 0.330128 -0.195480 0.278199 0.613873
phô_mai 0.377990 1.008882 0.296330 -0.484699 0.651887 1.299067 0.130454 0.114914 -0.059962 0.028165
thề 0.559582 -0.177909 -0.059447 0.137813 0.062093 0.447086 -0.340036 -0.180221 0.128434 0.190420
trộn -0.567843 0.256320 0.107493 -0.330845 0.382956 0.328754 -0.196177 -0.324904 0.048029 0.472398
à 0.015865 -0.062085 -0.032004 -0.008598 0.164733 -0.042103 0.083002 0.190817 -0.061545 -0.069623
ảnh 0.418370 0.205099 -0.422452 0.108194 -0.093793 0.569472 -0.154586 0.051885 0.225445 -0.498801
8 -0.383662 0.463208 0.363029 0.368380 0.717996 -0.382571 -0.181874 -0.584773 0.640347 -0.886718
bác -0.065373 -0.086111 -0.468643 -0.157629 -0.315042 0.540641 -0.105371 0.108071 -0.713001 -0.600469
bụng 0.601849 0.820211 -0.163199 -0.355786 -0.090019 0.505353 -0.129207 0.039816 -0.289502 -0.431788
bao_giờ 1.263780 0.393788 -0.523535 0.052286 0.060648 -0.612141 -0.333516 -0.179055 0.236984 0.359075
có_thể 0.199661 0.275065 -0.159806 0.237649 -0.040302 -0.250333 -0.143736 0.120249 -0.086575 -0.240788
chấm 0.316374 0.418632 0.056048 0.132345 -0.375485 0.224487 0.124816 -0.168115 -0.103173 -0.017754
khô -0.508600 0.503304 0.476170 -0.393966 -0.337331 0.387487 0.352288 -0.335386 -0.267640 0.190181
phở -0.499163 0.950143 0.189750 -0.640493 -0.007261 0.809179 0.071006 -0.138983 -0.021728 0.036694
sạch 0.600672 -0.153680 0.039697 -0.170150 -0.176323 -0.053107 0.332654 -0.108349 0.359926 0.138537
tệ 0.489321 -0.199322 -0.076438 -0.319129 -0.369954 0.316268 0.299514 -0.040980 -0.197904 0.339881
xin 0.213259 0.045665 -0.173105 0.053547 -0.064447 -0.190412 0.036038 0.475008 -0.012030 -0.347234
đắt -0.133877 -0.041263 0.276859 0.029749 0.741701 -0.110913 0.133886 -0.314767 -0.294305 0.877005
điểm 0.126503 0.024960 -0.191400 -0.017242 0.372973 0.434759 -0.264309 0.069612 0.300045 0.106672
bé 0.328934 0.500961 0.415177 -0.263472 0.143162 0.537227 0.198499 -0.067197 0.102724 0.096404
cơm_rang -0.414150 0.495660 0.076960 -0.250357 0.461643 0.478274 -0.042398 -0.347175 0.016610 -0.179467
chút -0.266411 -0.101938 0.194156 -0.033016 0.015600 0.154443 0.027666 -0.104378 -0.038000 -0.061632
chuối -0.360674 0.768772 0.099750 -0.032790 -0.109147 0.293596 0.053716 -0.023390 0.036523 -0.370094
hình -0.399602 -0.899046 0.823133 0.615326 0.730814 0.150494 -0.289539 -0.215265 -0.422148 -0.223628
hạt -0.209419 1.311565 0.564026 -0.327050 0.225457 0.789352 -0.322108 0.475242 0.103262 -0.196918
kim -0.035399 1.390795 0.537999 -0.976225 0.277868 0.497639 0.055556 0.165834 -0.430420 -0.073593
nem 0.095229 0.589264 0.248692 -0.365474 0.031222 0.172594 -0.088589 -0.084628 -0.764378 0.380403
nhà_hàng 0.440781 -0.317668 -0.016416 0.343015 0.145474 0.023604 -0.227571 0.188274 -0.030962 -0.261837
phần -0.637053 0.073428 -0.231862 0.312809 0.495026 -0.244792 -0.532131 -0.063086 -0.409528 -0.147137
trưa 0.133519 0.740305 -0.077320 -0.323879 -0.019621 -0.119183 -0.347287 -0.132116 -0.018518 0.301072
í 0.474567 0.260859 0.017496 -0.171550 -0.134926 0.432633 0.170599 -0.125294 -0.072372 0.202410
ôi 0.319883 1.138647 0.500231 -0.357707 0.182956 1.126728 0.032949 -0.100090 0.410719 -0.266553
ăn_không 0.198937 0.193435 0.242504 -0.359226 -0.471761 0.068250 0.433553 0.033090 -0.193717 0.263199
đủ -0.170438 0.394291 0.308343 0.109467 0.417787 -0.108377 0.252312 0.271282 -0.039297 0.067689
đen -0.421444 1.181516 0.279216 -0.045912 0.512351 0.321144 -0.270550 0.190009 0.349510 -0.668804
ơi 0.351454 0.301360 0.194673 -0.157782 -0.002358 0.803490 0.143178 -0.326606 0.157774 0.320570
7 0.442710 0.935371 -0.044839 0.268153 -0.039839 0.230134 -0.473058 -0.092130 0.380073 -0.625043
chê 0.436445 -0.083520 0.093435 0.252417 -0.100574 -0.184217 0.340352 0.451288 0.461584 0.149294
chẳng 0.182546 -0.165459 -0.277649 -0.081432 0.297342 -0.187125 0.244028 -0.158736 0.414837 0.386041
dính 0.234350 0.059922 0.141827 -0.048532 0.274702 0.338406 -0.090166 -0.050608 0.094682 0.225641
dù 0.221388 0.022517 0.063878 -0.218141 -0.248181 0.033564 0.133805 0.127405 0.173503 -0.029887
mãi 0.293249 -0.351268 -0.465571 0.221063 -0.721906 -0.712001 -0.189950 0.654022 0.238095 -0.769039
mẹ 0.434560 0.285532 0.066401 -0.277919 -0.135852 0.163200 0.021612 -0.072093 0.061449 -0.289019
mực -0.360648 0.753105 0.823820 -0.471486 -0.126009 0.385373 0.210541 -0.071435 0.109160 0.029828
mỳ 0.005277 0.522330 0.400376 -0.219374 0.366249 0.477593 -0.110740 0.219299 -0.041626 -0.270221
nấm -0.783301 0.518808 0.155888 -0.904019 0.054987 -0.217155 -0.494079 0.544352 -0.159361 0.144473
nồi -0.474517 0.432727 -0.403678 -1.054213 0.253051 -0.460467 -0.703607 0.468949 -0.327360 0.732516
nổi 0.419898 0.326726 -0.061142 -0.089251 -0.166280 -0.115729 0.081702 0.037606 0.150710 0.248921
ngấy 0.185862 -0.018969 0.455731 -0.133175 -0.370714 0.038962 0.336844 0.032778 0.241988 0.380163
quả -0.033477 0.122136 -0.230607 -0.290964 0.293363 0.311361 -0.181031 0.051705 0.247606 0.307042
rõ 0.145021 0.121306 0.111699 -0.158947 -0.340900 0.327254 0.258906 0.006651 0.228320 -0.119492
tính 0.043211 0.437768 0.250178 -0.201836 0.120552 0.064775 -0.003750 0.144019 0.210656 -0.257338
thất_vọng 0.130837 -0.281857 0.159985 -0.406661 -0.266880 -0.170707 0.357833 -0.028005 -0.017212 0.231239
vỏ 0.469106 0.670946 0.428185 -0.159627 0.428826 0.391440 0.140192 0.120357 0.134921 0.206339
xào -0.240199 0.915746 0.681892 -0.478270 -0.000539 0.550189 0.196702 -0.113138 0.236140 -0.070604
xíu 0.053300 0.440375 0.345173 -0.235544 0.030932 0.190104 -0.004974 0.170967 0.170207 -0.064176
đầy_đủ -0.661263 0.071838 0.118873 0.236622 1.038272 -0.055468 -0.648132 -0.063088 -0.198752 -0.024638
đặc_sắc -0.037028 -0.278212 -0.125457 0.458079 0.083798 -0.935555 0.668365 0.450665 0.793346 0.812716
đứng 0.507682 0.253398 -0.102632 0.089894 -0.048251 0.009874 -0.018043 0.234538 0.138444 -0.668241
40 -0.849421 0.170060 0.283376 0.077830 1.326335 -0.459973 -0.186278 -0.632141 0.397210 -0.097109
bằng -0.103331 0.499709 -0.100645 -0.231139 0.274863 0.365238 -0.100291 -0.134110 0.016746 0.336578
cảm_nhận 0.674030 -0.298354 -0.209249 -0.106745 -0.328865 0.000041 -0.339091 0.427572 0.129079 -0.207745
cảm_thấy 0.162047 0.094092 0.307632 -0.182587 -0.214438 0.066869 0.385695 -0.258393 0.027281 0.271641
cua -0.146372 0.997731 0.457538 -0.628545 0.244844 0.688354 -0.019011 -0.144814 0.008444 0.088886
do 0.407553 0.092463 -0.130582 -0.034120 0.052232 0.187148 -0.191730 -0.019667 0.442591 0.257102
hiểu 0.375522 0.548242 0.430191 -0.227981 -0.261773 0.213853 0.681812 0.185788 0.437982 0.099139
khen 0.195094 -0.419490 -0.172007 -0.099793 -0.345283 -0.258517 0.383488 -0.288493 -0.244380 0.781277
lớp -0.154694 0.324991 -0.290267 -0.063502 0.239480 0.340832 -0.174964 -0.228279 0.033472 -0.345273
nghiện 0.359718 -0.047544 -0.242000 0.181744 -0.026121 0.097602 -0.239706 -0.023319 -0.016838 -0.094410
order 0.411960 -0.162757 -0.202972 0.164169 -0.706562 0.026419 -0.016977 0.298366 -0.162449 -0.826024
sống -0.165811 0.084055 -0.035601 -0.106236 0.028595 -0.051866 0.127768 0.554029 -0.189816 -0.068585
sự -0.065861 0.302087 0.172230 -0.458964 -0.271008 0.783960 -0.028581 -0.219154 0.022309 -0.104344
thực_sự 0.328497 -0.170872 -0.003537 -0.066578 0.102579 0.236126 0.167713 0.124600 0.152133 0.236222
tiếp 0.133424 0.151568 -0.330241 0.058050 -0.222471 -0.021078 -0.293591 0.206228 0.367671 -0.671341
xuống 0.567848 0.286260 -0.155052 -0.034380 -0.457190 0.010953 -0.133887 0.519525 0.149232 -0.644112
đường 0.070453 0.206111 -0.001397 -0.185580 0.065006 0.321944 -0.021465 0.008125 0.103285 -0.181136
đậm_đà 0.047421 0.220665 0.299353 -0.091797 0.034719 0.266862 0.426253 -0.303668 0.221929 0.421072
đỏ -0.179217 0.469181 0.358973 -0.058069 0.099222 0.424114 -0.078422 0.203806 0.093464 -0.239379
đợi -0.138641 0.206379 -0.039874 0.026560 -0.275933 0.093722 -0.166352 -0.079928 0.027333 -0.302288
15 -0.528459 0.246705 0.157654 0.402114 1.562657 -0.624509 -0.153719 -0.648234 0.393176 -0.227585
bê 0.345452 -0.038361 -0.562946 0.206793 -0.354965 -0.560909 -0.296360 0.594858 0.267292 -1.117578
bếp 0.216108 0.098090 -0.035161 -0.209387 0.000882 0.198455 -0.031740 0.143616 0.151661 -0.172794
bở 0.127995 0.094108 0.801664 -0.289526 -0.226934 0.634100 0.398081 0.189426 -0.113578 0.031895
ba_chỉ -0.793744 0.768370 0.449049 0.086086 -0.088199 -0.227747 0.063657 -0.002660 -0.182425 -0.167640
cá -0.556224 1.299130 0.026371 -0.645551 -0.302879 0.585343 0.258596 -0.470689 0.048822 0.146811
cốt -0.538873 1.251052 0.090700 -0.868102 0.140363 0.960749 0.332304 -0.547940 -0.154372 0.315719
chọn -0.348923 0.500550 -0.178871 -0.549496 0.269100 0.082378 -0.637031 0.238950 0.045920 -0.234166
chi 0.119644 1.515079 0.612101 -1.031125 0.299707 0.624345 0.094479 0.188483 -0.335695 -0.116395
dẻo -0.172301 1.073823 0.196457 -0.707662 -0.031193 0.687594 0.117457 -0.305903 0.361155 0.046746
free -0.181633 0.659602 0.098066 -0.303949 0.215142 0.129519 -0.284166 0.142133 -0.128098 0.034278
gắp 0.320306 0.472644 -0.057547 0.037134 -0.216615 0.087561 -0.116834 0.369365 0.148230 -0.291130
giống -0.311432 -0.221706 0.347418 -0.237870 -0.151952 0.453031 0.376003 -0.162744 0.368686 0.315548
kêu 0.280026 0.144879 0.098801 0.266417 -0.354796 0.213751 0.080226 0.211918 0.170681 -0.962264
khó 0.249746 0.613993 0.266694 -0.506105 -0.014912 0.723915 0.407202 -0.145099 -0.022966 0.115002
mặc_dù 0.261080 -0.275656 -0.154607 0.313969 -0.095298 -0.220833 -0.355623 -0.007600 0.084329 -0.466269
miệng 0.198296 -0.123131 -0.022748 -0.068833 -0.417245 0.162723 0.133281 -0.093787 -0.023159 -0.191891
nửa -0.260485 0.283341 -0.288605 0.127900 0.625608 -0.080633 -0.217636 0.227523 0.027222 -0.333652
ngao -0.376798 0.681942 0.540213 -0.453818 0.168839 0.677114 0.071595 -0.434690 0.111435 0.068965
nhạt_nhẽo 0.150824 0.188959 0.321968 -0.314149 -0.222267 0.217617 0.319350 0.044266 0.400562 0.176258
riêu -0.416686 0.816254 0.178847 -0.772499 0.452375 0.343599 -0.740291 -0.194015 -0.401418 0.647496
siêu -0.149433 0.887457 0.206907 -0.286661 -0.162496 0.685019 -0.133620 -0.034754 0.121836 -0.410057
từng 0.457273 0.316206 0.003511 -0.161058 -0.207659 0.177315 -0.305383 -0.004715 -0.089848 -0.034489
tự 0.453686 0.862275 0.212183 -0.263436 0.194259 0.443114 0.024722 0.239669 0.195048 -0.272270
tay 0.176731 0.286640 -0.040456 0.047334 0.090966 0.067699 -0.007224 0.194087 0.223385 -0.263105
thanh_toán 0.315032 -0.160243 0.003697 0.371818 -0.533827 -0.481347 -0.136720 0.240193 0.225608 -0.756732
thay -0.125424 0.885268 -0.206206 -0.143143 0.270886 0.157551 -0.342526 0.261008 -0.060955 -0.810526
xôi -0.426436 0.500094 0.204661 0.050472 0.019250 0.311090 0.061629 -0.017296 0.036851 -0.450665
đẹp 0.142883 0.167153 -0.042131 -0.255580 0.134739 0.291935 -0.088823 0.231668 0.069901 -0.287676
đỡ 0.064241 0.684930 0.175121 -0.021892 -0.062464 0.248161 -0.106716 0.381780 0.118113 -0.688696
báo 0.113482 -0.054521 -0.003892 0.194358 -0.341214 -0.144477 0.161067 0.078446 0.057522 -0.442436
bẩn 0.015352 0.722423 0.159863 -0.150455 0.116977 0.641785 -0.047846 0.159778 0.101250 -0.453939
bao 0.272617 0.381250 0.344776 -0.153150 -0.079858 0.190359 0.090718 0.107899 0.291260 -0.082319
càng 0.405768 0.652001 -0.079252 -0.625626 -0.162373 0.385816 -0.226284 -0.049530 -0.080266 -0.462383
cơ 0.181995 0.175483 0.147870 0.106038 -0.157422 0.240751 0.108592 0.113737 0.152565 -0.006457
cốm -0.855902 1.245842 0.312428 -0.794707 -0.405908 0.401828 0.450968 -0.057876 0.227447 0.312279
cực_kì -0.205625 0.304458 0.288858 -0.473569 -0.295497 0.525642 0.264456 -0.301859 0.152748 -0.038632
cháy -0.002341 0.444418 0.192387 -0.288739 0.174634 0.059935 -0.054993 0.036575 -0.080612 0.130613
chấp_nhận 0.416751 -0.016745 0.109534 0.136584 -0.099981 -0.208993 0.229026 0.258238 -0.047110 0.303499
chua_cay -0.479811 0.397680 0.370243 -1.001908 -0.143875 0.666556 -0.061114 0.230630 0.397862 0.770852
dưa -0.695126 0.889148 0.479599 -0.350721 0.486517 0.393164 0.135743 -0.204118 0.130784 -0.305962
htk 0.175827 0.335202 -0.283697 0.098056 0.219716 0.732631 -0.322111 -0.815480 0.055281 0.049403
huhu 0.224170 0.258416 -0.046581 -0.248684 -0.299780 0.524866 0.211845 -0.321428 0.078174 0.237118
không_gian 0.006503 0.542627 0.113675 -0.610845 -0.439195 0.873554 0.196834 0.031027 -0.081625 -0.544383
lợ 0.283567 0.538123 0.930114 -0.332106 -0.233731 0.578113 0.040668 0.011951 0.402978 -0.539134
mở 0.340925 -0.097892 -0.843236 -0.315018 -0.169164 -0.096306 -0.151683 0.557375 0.361973 -0.256956
nước_cốt -0.700769 1.504723 0.236947 -0.688331 -0.203005 0.889926 0.382532 -0.259740 -0.017414 -0.487147
nam -0.043043 -0.123662 -0.094240 0.251544 -0.167004 0.013838 -0.053898 0.132509 0.113113 -0.502997
nhận -0.017675 0.004719 -0.096396 0.049360 -0.026332 -0.151051 -0.108192 0.180411 0.230592 -0.182542
riêng 0.333342 0.316172 0.304505 -0.354692 -0.122439 0.171895 -0.001703 0.162108 0.287109 -0.041859
salad -0.123792 1.155215 0.111801 -0.592102 0.352179 0.843652 -0.295898 -0.073795 -0.028788 -0.356238
tưởng 0.132615 -0.307628 -0.121099 0.235656 -0.153299 -0.253424 -0.124239 0.017200 0.059353 -0.269646
thèm 0.167869 0.128927 -0.177143 -0.203265 0.065484 -0.096769 -0.012441 0.138483 0.197187 0.225311
tiếng -0.359196 0.147907 -0.588641 0.076399 0.273285 -0.229567 -0.621442 0.146709 0.114137 -0.505830
tuy 0.033497 -0.068124 0.236514 -0.352880 -0.118157 0.236552 0.515680 -0.358242 -0.251100 0.337859
vô_cùng -0.087447 0.677094 0.301332 -0.250505 -0.107441 0.576646 0.199549 0.066236 0.157988 -0.121940
vỉ 0.088081 1.110262 0.171733 -0.417820 0.376517 0.430852 -0.231275 0.217947 -0.166576 -0.505960
việc 0.214805 0.066941 -0.251517 -0.042517 -0.094854 -0.067214 -0.280128 0.332662 0.038831 -0.143135
xèo 0.045916 1.536686 0.138895 -0.680407 0.503203 1.034744 -0.397000 0.171543 0.271779 -0.263445
độ -0.082883 0.361801 -0.212509 -0.484997 0.068409 0.236441 0.098746 -0.124422 0.149788 0.334476
đau 0.500066 0.982117 0.089999 -0.623107 -0.032624 0.687741 0.070161 0.040862 -0.293630 -0.304445
anh 0.237704 0.218368 -0.289769 -0.337411 -0.510655 0.797242 -0.279885 0.176524 -0.356941 -0.600649
câu -0.448039 0.000351 -0.249094 0.350112 0.622008 -0.062550 -0.549328 0.175797 0.274457 -0.249324
cảo -0.266496 1.467784 0.762367 -0.517360 0.063780 1.164192 0.123761 -0.133546 -0.040737 -0.389596
chung -0.261891 0.503290 0.222016 -0.076632 0.192723 0.422860 0.163017 -0.101980 0.031253 -0.246928
dã_man -0.030014 0.637933 0.163365 -0.548438 0.081862 0.481781 0.044239 -0.091992 0.180859 0.214759
há -0.252144 1.403316 0.707239 -0.412662 0.080306 1.125662 0.010532 -0.114115 -0.116466 -0.384092
họ 0.237273 0.634495 0.124705 -0.168391 -0.061216 0.523252 0.012416 0.150743 0.346404 -0.585268
lạnh 0.190867 0.507452 0.291974 -0.445677 0.064893 0.732943 -0.186451 0.194154 -0.051227 -0.170995
mày -0.026954 0.678984 0.936771 -0.160118 0.060298 0.805017 0.092593 0.437537 0.231201 -0.470634
menu 0.024369 0.354764 -0.235654 0.018771 0.244950 0.366178 -0.361508 0.103159 0.279975 -0.486637
năm 0.200792 0.743489 -0.143510 -0.138030 0.096410 0.233554 -0.196408 -0.147833 0.093269 -0.445870
ngày 0.016427 0.576228 -0.035491 -0.325050 -0.242373 0.445253 -0.023245 -0.055338 -0.023742 -0.400779
p -0.461000 0.675648 0.149936 -0.156711 0.526716 -0.067590 0.095813 -0.257837 0.240191 -0.187324
số -0.340448 0.172317 -0.128167 -0.151709 0.393312 0.447958 -0.313885 -0.199484 -0.141812 -0.163745
sữa -0.683231 0.822403 0.395585 -0.368820 0.124560 0.618185 -0.163591 -0.215093 0.345251 -0.423708
tên 0.321582 0.282695 0.007224 -0.166494 0.101701 0.260115 -0.058413 -0.005961 0.392891 -0.042975
tìm 0.382110 0.752441 0.017231 -0.311531 0.233335 0.469826 -0.053030 0.140296 0.069760 0.060904
thế_nào 0.348451 -0.166125 -0.030358 -0.003265 -0.219725 -0.050510 0.087309 0.102233 0.054079 0.184063
thoải_mái -0.040817 0.443098 0.159917 -0.233636 -0.312983 0.397115 0.171468 -0.134636 0.056270 -0.130466
xanh -0.804175 1.376086 0.632898 -0.400611 0.510994 1.056037 -0.042238 -0.247489 0.415090 -0.441387
xem -0.021627 0.086757 -0.170156 -0.156884 -0.099005 -0.043930 0.194797 0.087116 0.229434 -0.250971
để_ý 0.306922 0.146452 0.210125 -0.095162 0.092994 0.049266 0.349399 0.061497 0.151062 -0.156159
điều 0.010633 0.296582 -0.020496 -0.173491 -0.066230 0.289402 0.049355 -0.103275 0.114188 -0.024583
ướp -0.259625 1.108679 0.232430 -0.362873 0.206543 0.700416 -0.033683 0.230537 -0.056742 -0.373201
ụ -0.281368 1.715912 0.480369 -0.491073 0.456794 1.081648 0.352109 0.041060 -0.200432 -0.230325
150 -0.437333 0.097439 0.186216 -0.001250 0.884512 0.161957 -0.091583 -0.549233 0.052479 -0.123212
bà -0.148114 0.600854 0.328142 -0.132403 0.271490 0.863832 -0.107812 -0.019181 -0.024718 -0.484087
cơ_mà 0.143178 0.461729 0.088984 -0.245546 0.195622 0.285517 0.123160 0.045397 0.192154 0.024513
cạnh 0.156189 0.658236 -0.360706 -0.115097 -0.217687 0.901775 -0.167763 -0.497434 0.340904 -0.690372
cần 0.273081 -0.038161 0.206973 0.048593 -0.157697 -0.138359 0.353804 0.170054 0.487365 0.259866
cứng 0.075746 0.767949 0.421867 -0.273048 0.183912 0.405549 0.039329 0.016922 0.046734 -0.185121
c 0.108640 0.224363 -0.115984 0.030078 0.196445 0.219416 -0.055219 -0.002801 -0.016806 -0.470217
chụp 0.326246 0.623563 -0.048389 -0.073163 -0.172341 0.606175 -0.095448 0.207320 0.251804 -0.692057
cuốn -0.486833 1.120104 0.382485 -0.712187 -0.014923 1.014684 0.278206 -0.166299 0.083587 -0.134385
dồi -0.162633 1.155301 0.434586 -0.489185 0.055371 0.654492 0.019053 0.145232 -0.053291 -0.200644
dc -0.090576 0.812118 -0.057921 -0.042973 0.067584 0.165806 -0.254335 0.491325 -0.007176 -0.473308
ghét 0.451172 0.420992 0.180072 0.073913 0.129268 0.597107 -0.125424 -0.114950 0.194634 -0.216393
giò -0.829893 0.805783 0.133323 -0.238415 0.012127 0.306833 -0.256185 -0.004015 -0.103649 -0.163764
hôm_nay 0.215274 -0.137630 -0.052438 0.124595 -0.269756 -0.164610 -0.064440 -0.065649 -0.081519 -0.001218
hải_sản -0.396875 0.522406 0.155935 -0.329108 -0.129347 0.101321 -0.074234 0.317711 -0.086630 -0.269254
hoặc -0.090981 0.855046 0.105663 -0.277323 0.210813 0.639492 -0.257290 -0.003897 0.008462 -0.326743
không_thể 0.141081 0.458892 -0.143221 -0.118909 -0.162111 0.064618 0.026703 0.033509 -0.182018 0.074943
lượt -0.117066 0.544212 -0.168905 0.137135 -0.054612 -0.151853 -0.319098 0.328851 0.006740 -0.512406
lợn -0.727258 0.515658 0.514124 0.005058 0.085355 -0.036955 0.290367 -0.058919 -0.139960 0.119558
mỏng -0.600999 0.532693 0.156014 -0.364435 0.100727 0.505339 0.038653 -0.378815 -0.200869 0.048405
nay 0.013364 0.621780 0.072700 -0.127906 0.010460 0.281031 0.093124 0.043047 0.206299 -0.426095
ngõ -0.180335 0.603885 -0.051279 -0.186405 0.080295 0.789849 -0.207356 -0.043977 -0.062101 -0.448590
người_ta 0.293176 0.523001 0.147444 -0.012655 0.172091 0.235086 0.033806 0.358851 0.209460 -0.333711
nguội 0.107449 0.206504 0.145007 -0.082899 -0.248877 0.110763 -0.126016 0.214072 -0.163901 0.005630
sườn -0.749161 1.176651 0.617771 -0.261191 0.070833 0.391577 -0.053507 -0.000057 -0.167058 -0.171699
sợ 0.262185 0.052417 0.158097 0.039898 -0.239957 0.258471 -0.116155 0.233429 -0.251359 -0.250791
sợi -0.573602 0.934392 0.399329 -0.498749 0.050762 0.693025 -0.184706 -0.124903 -0.101178 -0.168744
sang -0.107053 0.466178 -0.025937 -0.247963 -0.017545 0.204778 -0.055570 -0.036905 -0.059551 -0.123209
tại -0.037729 0.320006 -0.029487 -0.171284 0.017645 0.183344 0.000560 -0.216839 -0.104194 -0.023013
tầm -0.131800 0.697834 0.118911 -0.216496 0.297605 0.262320 -0.117839 -0.418995 0.209944 -0.310777
tận 0.079997 0.864639 0.095445 -0.133451 -0.070264 0.437057 -0.276911 0.142028 0.197564 -0.554456
tốt 0.063360 0.306752 0.134795 -0.255607 0.152375 0.336147 0.041389 0.029893 0.189709 0.035011
tớ 0.268679 -0.047675 -0.045182 -0.202883 -0.304242 0.172209 0.120718 -0.087541 -0.101428 0.281328
thường -0.061735 0.643048 0.060024 -0.084142 0.136404 0.232162 -0.250376 0.132662 0.022753 -0.480444
thừa 0.157319 -0.127836 -0.061480 -0.004179 -0.083828 -0.129672 0.097024 0.312073 0.155276 -0.300478
ú -0.373881 2.115009 0.443333 -0.643269 0.683260 1.371029 0.332556 0.090307 -0.029982 -0.452104
đáng 0.113260 0.601403 0.111898 -0.260179 -0.000293 0.750840 0.009522 0.172781 0.496296 -0.347064
đánh_giá -0.049855 0.086886 0.089361 0.009601 -0.060495 0.216336 -0.020295 0.075773 0.064124 -0.414953
đuổi 0.157144 0.138440 0.590550 -0.027237 -0.383420 0.699920 0.240667 0.294947 0.240287 -0.746288
ớt 0.167859 0.465608 0.164589 -0.199958 0.002028 0.462448 0.055109 0.225366 0.120781 -0.385263
70 -0.332959 0.577763 0.283779 0.176588 0.603747 0.180245 -0.009985 -0.300064 0.139842 -0.174040
a 0.035114 0.285711 -0.134753 -0.104878 -0.165261 0.480127 -0.011415 0.290408 -0.090024 -0.569207
bánh_đa 0.044698 1.032548 0.406825 -0.587761 0.162710 0.814186 -0.004310 0.065827 0.206728 -0.303873
bơ 0.193127 0.171119 0.134402 -0.320018 0.100215 0.159730 0.130109 0.087111 0.125268 -0.039867
buổi 0.097789 1.460402 0.229439 -0.618972 0.140410 0.704525 -0.155976 -0.032146 0.041871 -0.134069
buffet 0.097677 0.246172 -0.026466 -0.075811 0.377025 -0.127873 -0.166853 0.124484 -0.055649 0.518364
cách 0.328300 0.381853 0.084909 -0.308480 -0.186577 0.913157 0.036999 -0.092205 -0.154371 -0.531373
cẩn_thận 0.187769 0.365804 0.091101 -0.429626 -0.287782 0.637730 0.141381 0.061199 -0.013644 -0.294606
cắn -0.124239 0.744643 0.297127 -0.183042 0.055706 0.324489 -0.050199 0.038495 -0.068053 -0.261503
cao -0.016892 0.485263 0.164672 -0.114393 0.054561 0.397185 -0.106585 -0.074824 -0.053106 -0.446803
chậm 0.037235 0.001503 0.423155 -0.029389 -0.180865 0.191548 0.519852 -0.241781 -0.120017 0.080568
chuyện 0.087511 0.480470 0.005160 -0.245021 0.179351 0.473455 -0.093172 0.059789 0.236042 -0.104785
gồm -0.653885 0.647335 0.211049 -0.216534 0.473771 0.190181 -0.221689 0.009320 0.040712 -0.476411
hôm_qua 0.103645 0.478657 0.099556 -0.241967 0.050434 0.218136 -0.193646 0.143343 0.030103 -0.167044
hề 0.174494 0.271163 0.581334 -0.181672 -0.196685 0.201500 0.305867 -0.004157 0.237710 0.344030
hội -0.184168 0.240231 0.155915 0.144124 -0.192636 0.184207 -0.129042 0.073380 -0.237552 -0.637799
hnay 0.152441 0.124108 -0.012545 -0.042339 -0.045255 0.111818 0.035024 0.128823 -0.052239 -0.185580
hoa_quả -0.234899 0.953781 0.191219 -0.595600 0.393554 0.657790 -0.143123 -0.154238 0.007352 -0.123916
kém 0.217669 0.820097 0.440840 -0.224756 0.117140 0.800339 0.108056 0.021501 0.268657 -0.476158
kể_cả 0.149483 0.553705 0.312437 -0.253851 -0.266293 0.311853 0.306273 -0.034235 0.198997 -0.069246
khó_chịu 0.023709 0.129939 0.330630 -0.069094 0.083902 0.458903 0.036746 -0.108041 0.025609 -0.093109
khỏi 0.384061 0.320318 -0.250478 0.031967 -0.160199 0.003062 -0.077502 0.488401 0.317584 -0.760479
khuyến_mãi 0.171504 -0.226712 0.013288 0.023216 -0.048495 -0.105620 0.074518 0.364389 0.286346 -0.169424
lá -0.539134 0.669694 0.139999 -0.386419 0.346445 0.536807 0.163767 -0.208112 0.151702 -0.118300
luộc 0.215181 0.522972 -0.087078 -0.111445 0.057835 0.355082 -0.243114 0.304890 0.039366 -0.423451
màu -0.171603 0.353816 0.009663 -0.008068 0.198204 0.280594 0.023932 0.135849 0.214413 -0.105182
mắm_tôm 0.099070 0.530291 0.050782 -0.313603 0.114725 0.576896 -0.196264 -0.162342 -0.023458 0.145527
mọc 0.313252 0.605349 0.079802 -0.123616 0.172424 0.550795 -0.027483 -0.118180 0.240671 -0.150154
mai 0.023838 0.558019 -0.078080 -0.155415 0.223375 0.093733 -0.170495 -0.023612 -0.066948 -0.232930
minh 0.093837 0.394818 0.035874 -0.171444 0.317540 0.309375 -0.141189 0.104995 0.103452 -0.037175
muối -0.208570 1.155135 0.288427 -0.471122 0.400949 0.851827 0.141746 0.011448 -0.082628 -0.046705
nói_chuyện -0.071920 0.020892 0.194344 0.007648 -0.326158 0.478924 0.254258 0.015592 -0.071812 -0.406925
nộm -0.421099 1.268844 0.265000 -0.583960 0.302416 1.043325 -0.086392 -0.163967 0.080585 -0.271656
nữ -0.035846 -0.116109 -0.057798 0.285151 -0.191157 0.336713 -0.186765 0.053163 -0.316606 -0.801994
như_vậy 0.248110 -0.191128 0.023513 -0.090688 -0.071051 0.137616 -0.100079 0.280817 0.194238 -0.267083
nhắc 0.389165 0.207260 -0.230205 -0.099968 -0.049777 -0.053385 -0.193063 0.261342 0.084706 -0.284760
nhớ 0.379960 0.664858 0.102807 -0.301192 -0.025085 0.388465 0.116926 0.204501 0.636553 -0.241176
nhai -0.091234 0.505232 0.076181 -0.159786 -0.034688 0.341833 0.053303 0.057696 0.104426 -0.161179
sáng 0.004013 1.045926 0.348465 -0.283246 0.232363 0.931002 -0.167882 0.014629 0.144891 -0.375804
tý -0.317759 0.263899 0.074011 -0.130193 -0.026558 0.256210 -0.074444 -0.029340 -0.219260 -0.206657
tất_cả -0.272102 0.704164 -0.057443 -0.306428 0.418332 0.586447 -0.206114 -0.226638 0.187146 -0.411443
tầng -0.385440 0.386870 -0.257573 0.063201 0.508222 0.359648 -0.573419 -0.085179 0.295676 -0.490889
tối 0.214296 0.542434 0.003553 -0.166359 -0.060393 0.392195 -0.152094 0.202949 0.175083 -0.429041
tanh 0.003535 0.571407 0.413210 0.010745 0.230743 0.424403 -0.115358 0.369171 0.062791 -0.365787
thân_thiện 0.110956 0.148828 0.021190 -0.264341 -0.323046 0.553133 0.172530 -0.219235 -0.042007 -0.271976
tráng_miệng 0.141763 0.279093 -0.005161 -0.203667 -0.235635 0.071565 0.011157 0.168275 0.131535 -0.244931
trả_lời -0.036615 -0.116544 0.184452 -0.048643 -0.150716 0.244941 0.144228 0.077283 0.115881 -0.159389
trắng -0.497915 1.217769 0.413337 -0.496409 0.152110 0.833910 0.149645 0.039846 0.078063 -0.379066
vẻ -0.393597 -0.161757 -0.192141 -0.337181 0.146688 -0.023857 0.173290 -0.302440 0.076574 0.243307
v -0.067350 0.583596 0.082267 -0.341163 -0.005416 0.297163 -0.172536 -0.002181 0.092252 -0.105712
viên -0.416521 1.021881 -0.046648 0.145795 0.763506 0.378760 -0.462246 0.192767 -0.053589 -0.593827
xương -0.471229 0.676238 0.317512 -0.362221 0.023010 0.455963 -0.015749 -0.034443 -0.181896 -0.006245
xa 0.390688 0.483053 -0.075028 -0.403353 -0.055562 0.237960 0.004064 0.029234 -0.059299 -0.097074
đời -0.056150 0.942231 0.656129 -0.418204 -0.012900 1.075181 0.167182 0.070911 0.120768 -0.303431
ấn_tượng 0.306825 0.353292 0.090802 -0.136646 0.084873 0.407102 0.055300 -0.037267 0.110657 0.034022
” 0.304780 0.493460 -0.049519 -0.315445 0.271750 0.342297 -0.140666 0.038409 -0.068617 0.088243
60 -0.716387 0.833377 0.376442 -0.009149 1.177070 0.039031 -0.129472 -0.401498 0.331898 -0.321120
9 -0.111326 0.732543 0.351615 -0.003840 0.598652 0.381247 -0.125607 -0.189334 0.259831 -0.528319
bánh_đúc 0.053523 1.258132 0.240862 -0.389740 0.137786 0.876415 -0.155773 0.082885 0.087960 -0.431274
bã 0.052314 0.672546 0.486875 -0.038005 0.163529 0.350055 0.046725 0.148271 0.011028 -0.078013
bữa 0.207901 0.571325 -0.103211 -0.196087 0.007058 0.299530 -0.182839 -0.036187 0.028710 -0.155996
bực_mình 0.111897 0.431085 0.033149 -0.092062 -0.132834 0.334630 0.004749 0.160569 0.101236 -0.557695
b -0.075689 0.630102 0.136523 -0.192182 0.388200 0.271185 -0.085363 -0.352926 0.221470 -0.171327
cũ -0.202007 0.754473 0.197194 -0.270675 0.057088 0.167672 -0.043609 -0.086389 -0.032258 -0.014999
cười -0.032244 0.712004 0.220565 -0.147747 0.120426 0.451095 0.225100 0.176256 0.124635 -0.359826
cải -0.462495 0.849638 0.366700 -0.464842 0.227269 0.589813 -0.090680 -0.105205 -0.030119 -0.398284
chén -0.048315 0.475172 0.290054 0.003354 0.060522 0.192253 -0.151817 0.176573 -0.092625 -0.365497
chính 0.142374 0.282114 0.026494 -0.059573 0.196807 0.289279 -0.132486 0.045278 0.154885 -0.124783
chúng_nó -0.187720 0.303927 0.249578 -0.126663 -0.247885 0.216603 0.113510 0.158094 -0.128703 -0.174459
check 0.039520 0.600005 -0.146287 0.080969 0.161507 0.240321 -0.302919 0.486958 0.057975 -0.640649
cuối 0.134643 0.561498 0.021880 -0.138712 0.003089 0.446681 -0.316318 0.011837 0.080347 -0.564275
dày -0.167778 0.717458 0.150141 -0.581704 0.053559 0.585031 -0.065958 0.034275 0.009118 -0.179910
dưa_chuột -0.476354 0.578098 0.342232 -0.356514 -0.140511 0.396238 -0.045809 -0.222526 -0.078935 -0.051943
dễ 0.063810 0.660259 0.163425 -0.393144 -0.111854 0.508735 -0.036414 -0.183557 -0.084298 0.175697
dở 0.052223 0.611410 0.134804 -0.251211 0.129277 0.389771 0.177869 -0.110143 0.046515 -0.027370
giá_cả 0.133530 0.116653 0.212517 0.095918 -0.088126 0.133535 0.193293 0.029732 -0.082344 0.033430
giảm -0.163176 1.029974 0.255828 -0.330663 0.542409 0.780755 -0.212356 0.062107 0.312599 -0.471855
hài_lòng 0.085940 0.429056 0.159078 -0.233501 -0.153772 0.530657 -0.014766 -0.239377 0.114591 -0.161368
hình_như -0.016157 0.762848 0.083376 -0.185109 0.448446 0.595756 -0.340307 0.071812 0.265317 -0.255018
hóa_đơn 0.166988 0.680905 0.189762 -0.261282 0.219363 0.871618 -0.146155 0.137735 0.132458 -0.316428
hồi 0.345165 0.392461 0.084648 -0.139034 0.124359 0.349641 0.053831 0.068872 0.068364 -0.154701
hộp -0.201767 0.301204 0.018108 0.023034 0.526457 0.019274 -0.356830 0.160185 -0.069826 -0.380405
hai -0.150592 0.799490 0.148384 -0.157438 0.525697 0.491106 -0.265908 0.056485 0.102033 -0.209604
hn 0.247948 -0.011033 -0.100663 -0.097685 -0.057708 0.099143 0.201781 -0.021756 0.277483 -0.064583
khoai_tây -0.086923 1.102321 0.195999 -0.491457 0.214463 0.567914 -0.126761 0.089100 0.037347 -0.518902
lèo_tèo 0.046532 0.367206 0.169666 -0.045741 0.491126 -0.105976 0.055962 -0.222222 0.154093 0.149904
lạc -0.324614 0.647138 0.281684 -0.204886 -0.013239 0.394272 0.287364 -0.011116 -0.160428 -0.101308
mì_chính -0.062821 0.185679 0.259830 -0.163455 0.254514 0.374040 -0.031369 0.222174 0.230370 -0.299160
mức -0.103968 0.499608 -0.000329 0.132937 0.316494 0.153116 -0.168967 -0.249447 0.310278 -0.478970
ms -0.081332 0.705146 0.074791 -0.135539 0.041060 0.319296 -0.147322 0.281454 0.180118 -0.695905
nóng_hổi -0.006617 0.841544 0.068598 -0.273367 0.125080 0.565433 -0.082215 0.067211 -0.082026 -0.120362
nầm -0.505407 1.035834 0.629372 -0.302690 -0.106317 0.545844 0.114970 -0.062498 -0.057928 -0.274259
nc 0.109387 0.722049 -0.056458 -0.317986 -0.028666 0.505224 -0.008822 0.007535 0.107592 -0.546535
ngăn -0.608413 0.419202 -0.135521 -0.320783 0.298777 -0.019999 -0.745962 0.378069 0.172613 -0.369768
ngan -0.247591 1.200774 0.287142 -0.616180 0.145569 0.946460 -0.057484 -0.230013 0.050005 0.028273
nhũn 0.067074 0.350016 0.128154 -0.152668 -0.044809 0.140080 0.197365 -0.094029 0.095472 0.134093
nhật -0.095515 0.416988 0.104016 -0.328703 -0.010348 0.587392 -0.120325 -0.153539 -0.254686 -0.008873
nhg 0.068062 0.446329 0.118893 -0.159466 0.077509 0.319286 -0.064177 -0.007783 0.175443 -0.340895
quản_lý 0.185875 0.490590 -0.008316 -0.020047 -0.125840 0.232237 -0.144767 0.245961 0.112328 -0.703886
rõ_ràng -0.152936 0.379722 0.238521 -0.177673 -0.059112 0.389417 0.093399 -0.044962 0.120983 -0.354399
ruột 0.258219 0.077868 -0.073303 -0.267852 -0.115087 0.564323 0.005276 0.093777 0.035195 -0.284538
sớm 0.135676 0.563818 0.166943 0.061366 -0.052145 0.174424 -0.036662 -0.125067 0.129245 -0.298030
ship 0.000517 0.465820 0.060284 -0.257723 0.061237 0.364278 0.103828 -0.055471 -0.076555 -0.098841
so -0.505373 0.605395 0.282947 -0.186007 0.370056 0.836744 0.382464 -0.381296 0.061707 -0.334523
steak -0.045883 0.151924 -0.102730 0.100538 0.019126 -0.034540 -0.442577 0.144398 -0.023997 -0.420865
tôi 0.381488 0.786577 0.220810 -0.130517 0.022647 0.667156 -0.238187 -0.095750 0.219068 -0.516523
tẩm -0.259597 1.050257 0.490987 -0.392384 0.116119 0.826666 -0.080511 0.058904 -0.077922 -0.382408
tới -0.028903 0.622040 0.056524 -0.095791 -0.047930 0.413738 -0.143414 0.117211 0.197093 -0.427060
tháng 0.048665 0.792880 0.025709 -0.310013 -0.028394 0.509145 -0.214518 -0.208105 0.183387 -0.303194
thập_cẩm -0.109841 0.486118 0.245251 -0.164121 0.215161 0.424897 -0.165066 -0.084641 0.074603 -0.277610
trả 0.016640 0.472675 -0.044495 -0.292356 0.689665 0.251193 0.018545 0.336459 0.366874 -0.094092
trời 0.177543 0.853342 0.249909 -0.383240 0.254896 0.871254 -0.063313 0.168062 0.172845 -0.159651
trung 0.089637 0.909105 0.020757 -0.409663 0.174500 0.665947 -0.256961 -0.264474 0.046907 -0.075734
tuy_nhiên 0.109567 0.361879 0.043040 -0.185697 -0.269115 0.110473 0.151695 0.005230 0.035826 0.096959
vậy 0.320977 0.179640 0.195838 -0.196548 0.083063 0.470073 -0.065316 0.089091 0.111828 -0.170746
vcđ 0.244978 0.411181 0.085125 -0.429560 0.058908 0.443578 0.167381 -0.061270 -0.030933 0.019139
xiên -0.378767 0.763205 0.300294 -0.065951 0.560101 0.482349 -0.133799 -0.038777 -0.155338 -0.311084
xin_lỗi 0.094206 0.640898 -0.102606 -0.068152 -0.034566 0.422290 -0.210447 0.232994 -0.014621 -0.480918
yêu 0.277335 0.639043 0.036619 -0.429878 -0.148853 0.918117 -0.071402 -0.028475 0.207001 -0.272388
ông 0.170549 0.540800 0.105156 -0.211052 0.006565 0.570629 -0.082475 0.129992 -0.165915 -0.515973
ăn_uống -0.082737 0.541107 0.086637 -0.028424 0.072338 0.398837 -0.054994 0.277324 0.014981 -0.203230
đéo 0.075785 0.398447 0.217301 -0.186479 0.006452 0.692974 0.009842 -0.059637 -0.074481 -0.085117
đông_lạnh -0.084218 0.640089 0.341852 -0.258558 0.004624 0.458168 0.098463 -0.058169 0.005093 -0.244118
đậm -0.213042 0.726058 0.295035 -0.467417 0.131659 0.779383 0.079587 -0.000788 0.284050 0.086840
địa_chỉ 0.175606 0.350229 -0.125184 -0.269738 0.002769 0.407451 -0.208633 0.206136 0.132882 -0.265732
định 0.216420 0.435524 0.134967 -0.123792 -0.089126 0.317078 0.149900 -0.112781 -0.132126 -0.185591
đọc -0.117233 0.577752 -0.075300 -0.150259 0.191245 0.269401 -0.029090 0.078401 0.054746 -0.403483
điên 0.318668 0.568752 -0.016350 -0.170213 0.134340 0.418066 -0.082927 0.120781 0.079907 -0.148685
ỉu -0.089424 0.355467 0.372237 -0.295528 0.039616 0.437742 0.248542 -0.089494 -0.044674 0.084941
bánh_cuốn -0.160471 0.820082 0.199018 -0.233481 0.580828 0.524342 -0.206621 -0.030879 0.121103 -0.131473
bạch_tuộc -0.266964 0.784559 0.270319 -0.495116 0.013434 0.478925 0.006961 0.028577 0.049511 0.048260
bố -0.001813 0.485771 0.771745 -0.122898 -0.026969 1.116684 0.108286 0.126239 0.011575 -0.593369
bay 0.252038 0.744136 0.119869 0.006694 0.100157 0.737990 -0.190114 0.108328 0.332105 -0.279680
best 0.095007 -0.059659 0.006847 -0.075838 -0.101999 0.494840 -0.175945 -0.065554 -0.096236 -0.248700
bh 0.130039 0.531584 0.121602 -0.095041 -0.187838 0.093187 -0.037667 -0.218725 -0.018293 -0.082944
cá_nhân 0.214888 -0.151295 -0.024626 -0.127076 -0.319930 0.082161 0.045756 -0.258326 -0.071317 0.201958
công_nhận 0.119360 0.328352 0.048212 -0.168316 0.138052 0.301252 -0.033931 0.017739 0.118140 0.122442
cầm 0.118918 0.582701 0.197584 -0.088596 -0.051159 0.592597 -0.053889 0.152942 0.068960 -0.328455
cắt -0.149589 1.056797 0.254794 -0.405845 -0.035551 0.734840 -0.022606 0.031201 -0.074150 -0.239691
củ -0.187790 1.010260 0.322067 -0.411020 0.250670 0.577639 -0.156974 -0.007734 0.097221 -0.292067
chè -0.160167 0.470305 0.227513 -0.230463 0.116639 0.436743 -0.237078 0.148912 -0.058407 -0.238542
chín -0.247357 0.683121 0.113185 -0.279784 0.147480 0.383634 -0.206342 0.051676 -0.006866 -0.027095
chửi 0.098858 0.142826 0.200632 0.030757 -0.079511 0.250118 0.036827 0.216041 0.018915 -0.066554
chuyên_nghiệp 0.092157 0.067044 0.177106 -0.231667 0.039526 0.367118 0.262327 -0.113563 0.195028 0.162478
cuối_cùng 0.125618 0.452319 0.175029 -0.031431 -0.149822 0.293058 -0.032078 0.217835 0.234438 -0.418349
cx -0.038056 0.499805 0.150697 -0.190114 0.341155 0.166325 0.140456 -0.063959 0.089282 -0.008992
dám 0.209191 0.485603 -0.248586 -0.140475 -0.016866 -0.131615 -0.095828 0.055578 0.006622 0.202915
dưới 0.044517 0.760575 0.042446 -0.367285 0.327306 0.613100 -0.121935 -0.178824 0.191203 -0.094448
dọn 0.119946 0.230264 -0.018160 -0.137518 -0.113887 0.184319 0.041607 0.197697 0.231360 -0.346787
dứa 0.010958 0.707259 0.186492 -0.254786 0.118240 0.627541 0.024939 -0.066856 0.172383 -0.281951
full 0.116292 0.557909 0.130964 0.098542 -0.020828 0.490217 -0.096925 0.116525 0.296004 -0.650964
gặp 0.059251 0.392580 0.211958 -0.164329 0.016797 0.300962 0.049096 0.102314 0.005292 -0.237386
ghế 0.113825 0.356990 0.126250 -0.005559 -0.247278 0.529082 0.020737 -0.008115 0.275682 -0.603819
giữa 0.222631 0.338151 0.036718 -0.105611 0.152110 0.481266 0.014086 0.267895 0.342201 -0.430050
hành -0.153336 0.912599 0.437758 -0.433273 0.073619 0.622411 0.111919 -0.094452 0.085383 -0.124504
hôi -0.267338 0.763590 0.199585 -0.223029 0.156655 0.421833 0.116231 0.002565 0.044050 -0.183376
hệ_thống 0.000779 0.010647 -0.120561 -0.287866 0.249849 0.672380 -0.184083 -0.197692 -0.095743 0.110874
hỏi_han -0.074732 0.562675 0.290454 -0.217188 0.079059 0.389597 0.196593 0.064989 0.142823 -0.215840
hộ -0.027414 0.437244 -0.036047 -0.161565 0.090720 0.117137 -0.159213 0.151444 -0.102639 -0.181383
hợp -0.064063 0.372317 0.277162 -0.104051 0.016596 0.449404 0.299165 0.036762 0.115886 0.081708
k_ăn -0.369453 0.800454 0.219563 -0.228355 0.523021 0.327733 -0.173980 -0.061443 0.056415 -0.351748
k_đĩa -0.187966 1.025600 0.425236 -0.296752 0.433428 0.809030 0.076682 -0.156312 0.271202 -0.312055
khách_hàng 0.061655 0.272705 0.497103 -0.155932 0.229578 0.525689 0.161290 0.054964 -0.030409 -0.255019
khoảng -0.489236 0.644364 0.044682 -0.106352 0.474243 0.359966 -0.248582 -0.123797 0.130638 -0.447841
king -0.008635 0.559404 0.061226 -0.248752 0.204845 0.422390 -0.094503 -0.143425 -0.023592 0.050836
lãng 0.095828 1.191843 0.252782 -0.483056 0.217327 0.763034 -0.091151 -0.080636 -0.014769 -0.161193
lắc -0.031277 1.027992 0.080672 -0.427245 0.260450 0.949526 -0.140827 -0.104240 -0.017651 -0.394902
loãng 0.314338 0.677558 0.199793 -0.110007 0.438794 0.540269 -0.135991 0.128760 0.173460 -0.092298
mật_ong -0.203096 1.029766 0.343850 -0.413491 0.260858 0.740705 0.044950 0.155000 0.152826 -0.428708
mắm -0.166399 0.930723 0.193448 -0.372006 0.118395 0.564230 -0.154027 -0.005924 -0.187425 -0.421423
mắt 0.222964 -0.076331 -0.077478 -0.069082 -0.098064 0.104603 -0.006760 -0.002311 0.173264 -0.042631
mồm 0.118101 0.794954 0.190270 -0.239339 0.145555 0.329336 -0.028926 0.172745 0.068588 -0.236004
max -0.017333 0.812089 0.354650 -0.362781 -0.026389 0.775806 0.082586 0.007993 -0.007375 -0.246163
nơi -0.084426 0.610777 0.143356 0.130019 0.094332 0.379803 -0.268908 0.156169 0.081353 -0.611498
nước_lọc -0.105169 0.451331 0.152716 -0.138494 -0.041692 0.409176 0.122900 -0.031788 0.143645 -0.084413
nằm -0.114448 0.708235 0.046586 -0.282973 0.264783 0.746998 -0.047744 -0.156931 0.234371 -0.089822
nem_chua -0.002888 1.088720 0.175741 -0.450321 0.297497 0.815390 -0.185850 0.200826 0.111289 -0.432868
nhớt 0.137262 0.660765 0.331520 -0.232470 -0.043684 0.606284 0.097171 0.238799 0.064794 -0.416803
ntn 0.127921 0.260993 -0.010598 -0.187816 0.226417 0.488680 -0.083905 -0.023960 0.350645 -0.061228
phết -0.127756 0.671538 0.138494 -0.155480 -0.081854 0.252721 0.090657 0.100092 0.164872 -0.282441
pha 0.090947 0.588344 0.097761 -0.289698 0.074874 0.314965 0.120902 0.075022 -0.007791 -0.265489
quất -0.335932 0.847937 0.110293 -0.248199 0.202809 0.489683 -0.245218 0.418486 -0.090748 -0.247919
que 0.088454 1.126987 0.227510 -0.470571 0.156791 0.808834 -0.018521 0.021839 0.130504 -0.415892
quen 0.170478 0.110369 0.247658 -0.115333 0.014828 0.479280 0.210434 0.240054 0.266646 -0.326836
rang 0.067277 0.833195 0.192027 -0.128930 -0.054118 0.636142 -0.019190 0.011598 -0.052491 -0.411317
rau_sống -0.138486 0.463822 0.257448 -0.406085 0.002585 0.447158 0.066055 -0.124350 -0.078873 -0.079167
túi 0.007294 0.482079 -0.082161 -0.307766 0.028040 0.611611 0.001267 0.010575 0.026120 -0.325442
tặng 0.116268 0.783388 -0.012423 -0.024082 0.003376 0.442419 -0.298570 0.005834 0.002258 -0.461428
thổi -0.073309 0.899867 0.175198 -0.204187 0.168454 0.438221 0.079370 0.165838 0.070023 -0.298578
toẹt -0.073079 0.945101 0.498215 -0.278991 0.221809 0.865136 0.104771 -0.010077 -0.034322 -0.200419
tok 0.160938 0.290477 -0.016060 0.004121 -0.002204 0.442973 -0.070476 0.166355 -0.067720 -0.367790
vincom 0.119352 0.536917 -0.037613 -0.145567 0.119461 0.403652 -0.074751 -0.174628 0.260572 -0.283028
voucher 0.038151 0.525409 0.100650 -0.087164 0.099362 0.506581 -0.148522 0.081915 -0.044818 -0.315549
xuất 0.158562 0.224362 -0.011009 -0.016574 0.322218 -0.024921 -0.271815 0.284883 0.158088 -0.286781
yên 0.131931 1.229233 0.164832 -0.456108 0.247429 0.878123 -0.145741 -0.174286 0.038258 -0.190468
yêu_cầu -0.045119 -0.037958 -0.078337 0.269288 -0.396723 -0.037666 -0.067507 0.294918 0.123894 -0.480441
<unk> 0.012018 0.570316 0.143930 -0.203407 0.090762 0.476728 -0.036993 0.028434 0.070880 -0.237309
