Non static: True
Word embedding: rand
Batch size: 50
Shuffer batch: True
Filter hs: [3, 5, 7]
Hidden units: [100, 2]
Dim: 300
epoch	training_time	train_perf	val_perf

1	28.961626291	60.000000000	46.000000000
2	29.085670710	51.000000000	50.000000000
3	23.552697897	53.000000000	50.000000000
4	30.579231501	90.000000000	58.000000000
5	28.745216846	100.000000000	62.000000000
6	33.823985338	56.000000000	50.000000000
7	34.816341400	100.000000000	58.000000000
8	27.181054115	100.000000000	58.000000000
9	23.341842890	100.000000000	70.000000000
10	24.049915552	100.000000000	82.000000000
11	24.105664015	100.000000000	64.000000000
12	22.682981968	100.000000000	64.000000000
13	22.536383867	100.000000000	88.000000000
14	24.471273899	100.000000000	76.000000000
15	35.258148193	100.000000000	86.000000000
16	36.062702894	100.000000000	74.000000000
17	36.406470776	100.000000000	86.000000000
18	29.384853363	100.000000000	86.000000000
19	28.289292812	100.000000000	86.000000000
20	28.816520691	100.000000000	82.000000000
21	35.088771582	100.000000000	82.000000000
22	26.932337999	100.000000000	82.000000000
23	26.297851562	100.000000000	84.000000000
24	30.321816206	100.000000000	82.000000000
25	31.533290863	100.000000000	82.000000000

17-12-02 01-22-10
Non static: True
Word embedding: rand
Batch size: 50
Shuffer batch: True
Filter hs: [3, 5, 7]
Hidden units: [100, 2]
Dim: 300
epoch	training_time	train_perf	val_perf

1	26.978125095	53.000000000	52.000000000
2	28.012776613	53.000000000	52.000000000
3	27.395513296	53.000000000	52.000000000
4	26.330066204	53.000000000	52.000000000
5	26.207045794	53.000000000	52.000000000
6	29.563124418	53.000000000	52.000000000
7	27.187273502	53.000000000	52.000000000
8	26.565249920	53.000000000	52.000000000
9	34.060047388	53.000000000	52.000000000
10	26.295626640	53.000000000	52.000000000
11	30.000050068	73.000000000	52.000000000
12	37.312335730	98.000000000	58.000000000
13	31.374871492	100.000000000	58.000000000
14	27.875586748	100.000000000	58.000000000
15	27.474907637	100.000000000	66.000000000
16	31.031821251	100.000000000	70.000000000
17	27.027796507	100.000000000	88.000000000
18	30.701009989	100.000000000	90.000000000
19	27.163702250	100.000000000	84.000000000
20	26.583947659	100.000000000	90.000000000
21	26.234093189	100.000000000	90.000000000
22	26.271392107	100.000000000	90.000000000
23	27.141079187	100.000000000	86.000000000
24	29.553990602	100.000000000	90.000000000
25	26.959229231	100.000000000	86.000000000

17-12-04 10-22-12
Non static: True
Word embedding: rand
Batch size: 20
Shuffer batch: True
Filter hs: [3, 5, 7]
Hidden units: [100, 2]
Dim: 100
epoch	training_time	train_perf	val_perf

1	12.887621641	52.500000000	40.000000000
2	8.391523600	52.500000000	40.000000000
3	8.216330051	52.500000000	40.000000000
4	8.882289648	52.500000000	40.000000000
5	8.807696581	52.500000000	40.000000000
6	8.563071489	52.500000000	40.000000000
7	8.704163313	64.166666667	45.000000000
8	8.217832327	100.000000000	75.000000000
9	8.290895939	100.000000000	90.000000000
10	8.285390615	100.000000000	90.000000000
11	9.086950302	100.000000000	75.000000000
12	8.729207039	100.000000000	95.000000000
13	9.193030596	100.000000000	85.000000000
14	9.714954376	100.000000000	95.000000000
15	10.663550854	100.000000000	95.000000000
16	9.873070955	100.000000000	95.000000000
17	9.032909632	100.000000000	95.000000000
18	7.227315664	100.000000000	95.000000000
19	7.146326065	100.000000000	95.000000000
20	7.104732513	100.000000000	95.000000000
21	7.339310169	100.000000000	95.000000000
22	7.122725964	100.000000000	95.000000000
23	7.183274269	100.000000000	95.000000000
24	7.160165548	100.000000000	95.000000000
25	7.056097031	100.000000000	95.000000000

17-12-04 10-48-12
Non static: True
Word embedding: rand
Batch size: 20
Shuffer batch: True
Filter hs: [3, 5, 7]
Hidden units: [100, 2]
Dim: 200
epoch	training_time	train_perf	val_perf

1	19.730213642	52.500000000	40.000000000
2	20.620223999	52.500000000	40.000000000
3	20.647646904	52.500000000	40.000000000
4	19.092534781	52.500000000	40.000000000
5	21.628050804	81.666666667	50.000000000
6	18.075083494	92.500000000	50.000000000
7	16.233061075	100.000000000	95.000000000
8	22.110747576	100.000000000	90.000000000
9	21.620333195	100.000000000	90.000000000
10	20.319929600	100.000000000	90.000000000
11	20.538340569	100.000000000	95.000000000
12	22.961275101	100.000000000	90.000000000
13	21.092110634	100.000000000	90.000000000
14	19.100621462	100.000000000	95.000000000
15	19.561129570	100.000000000	95.000000000
16	19.497756481	100.000000000	95.000000000
17	17.281778812	100.000000000	90.000000000
18	16.643556356	100.000000000	95.000000000
19	15.824322462	100.000000000	90.000000000
20	15.780673981	100.000000000	95.000000000
21	15.820813179	100.000000000	95.000000000
22	15.494030476	100.000000000	90.000000000
23	15.624122143	100.000000000	95.000000000
24	15.653305769	100.000000000	95.000000000
25	15.653628111	100.000000000	95.000000000

17-12-04 11-08-29
Non static: True
Word embedding: rand
Batch size: 20
Shuffer batch: True
Filter hs: [3, 5, 7]
Hidden units: [100, 2]
Dim: 300
epoch	training_time	train_perf	val_perf

1	24.237767458	52.500000000	40.000000000
2	25.735967398	52.500000000	40.000000000
3	24.977617502	52.500000000	40.000000000
4	24.968256950	72.500000000	45.000000000
5	24.572916269	99.166666667	85.000000000
6	24.999356508	97.500000000	90.000000000
7	24.731509209	100.000000000	90.000000000
8	24.521503687	100.000000000	90.000000000
9	24.643554449	100.000000000	95.000000000
10	24.823144674	100.000000000	90.000000000
11	24.260854244	100.000000000	95.000000000
12	24.344799519	100.000000000	95.000000000
13	25.386361599	100.000000000	95.000000000
14	25.297021389	100.000000000	95.000000000
15	25.032774210	100.000000000	90.000000000
16	25.166935205	100.000000000	90.000000000
17	31.139236450	100.000000000	90.000000000
18	32.246126413	100.000000000	90.000000000
19	31.078927994	100.000000000	90.000000000
20	26.330963135	100.000000000	95.000000000
21	23.119932175	100.000000000	90.000000000
22	22.776605368	100.000000000	90.000000000
23	22.511736155	100.000000000	90.000000000
24	22.733556509	100.000000000	90.000000000
25	22.662541628	100.000000000	90.000000000

===============================================================================

17-12-04 22-45-11
Non static: True
Word embedding: rand
Batch size: 20
Shuffer batch: True
Filter hs: [3, 5, 7]
Hidden units: [10, 2]
Dim: 10
epoch	training_time	train_perf	val_perf

1	0.223657370	55.454545455	45.000000000
2	0.210650682	55.454545455	45.000000000
3	0.211149931	55.454545455	45.000000000
4	0.209648371	55.454545455	45.000000000
5	0.203644991	55.454545455	45.000000000
6	0.209149361	55.454545455	45.000000000
7	0.202642441	55.454545455	45.000000000
8	0.210649967	55.454545455	45.000000000
9	0.208146572	55.454545455	45.000000000
10	0.208147287	55.454545455	45.000000000
11	0.208648920	55.454545455	45.000000000
12	0.206146717	55.454545455	45.000000000
13	0.221675158	55.454545455	45.000000000
14	0.240678072	55.454545455	45.000000000
15	0.214652061	55.454545455	45.000000000
16	0.204647541	55.454545455	45.000000000
17	0.219654083	55.454545455	45.000000000
18	0.226660967	55.454545455	45.000000000
19	0.204645157	55.454545455	45.000000000
20	0.270192623	55.454545455	45.000000000
21	0.206645966	55.454545455	45.000000000
22	0.217154026	55.454545455	45.000000000
23	0.212650537	55.454545455	45.000000000
24	0.239170313	55.454545455	45.000000000
25	0.209649563	62.727272727	45.000000000

17-12-04 23-20-55
Non static: True
Word embedding: rand
Batch size: 20
Shuffer batch: True
Filter hs: [3, 5, 7]
Hidden units: [10, 2]
Dim: 25
epoch	training_time	train_perf	val_perf

1	0.612435341	55.454545455	45.000000000
2	0.399284124	55.454545455	45.000000000
3	0.402284384	55.454545455	45.000000000
4	0.411292315	55.454545455	45.000000000
5	0.464329481	55.454545455	45.000000000
6	0.436309099	55.454545455	45.000000000
7	0.412292957	55.454545455	45.000000000
8	0.412293196	55.454545455	45.000000000
9	0.399282217	55.454545455	45.000000000
10	0.408290625	55.454545455	45.000000000
11	0.437311411	55.454545455	45.000000000
12	0.436308622	55.454545455	45.000000000
13	0.400283813	55.454545455	45.000000000
14	0.392280579	55.454545455	45.000000000
15	0.398282528	55.454545455	45.000000000
16	0.380269289	55.454545455	45.000000000
17	0.398284674	55.454545455	45.000000000
18	0.400283337	60.000000000	45.000000000
19	0.399284601	60.454545455	45.000000000
20	0.393279791	88.181818182	65.000000000
21	0.391277552	89.090909091	70.000000000
22	0.391278028	97.272727273	75.000000000
23	0.386274815	90.000000000	75.000000000
24	0.385272741	94.090909091	75.000000000
25	0.397284269	99.545454545	75.000000000

17-12-04 21-46-48
Non static: True
Word embedding: rand
Batch size: 20
Shuffer batch: True
Filter hs: [3, 5, 7]
Hidden units: [10, 2]
Dim: 50
epoch	training_time	train_perf	val_perf

1	1.000123501	57.272727273	55.000000000
2	0.731520653	57.272727273	55.000000000
3	0.723030329	57.272727273	55.000000000
4	0.729517698	57.272727273	55.000000000
5	0.727520704	57.272727273	55.000000000
6	0.729022503	57.272727273	55.000000000
7	0.733521938	57.272727273	55.000000000
8	0.714552164	57.272727273	55.000000000
9	0.776058912	57.272727273	55.000000000
10	0.698502779	57.272727273	55.000000000
11	0.726515770	57.272727273	55.000000000
12	0.709007502	57.272727273	55.000000000
13	0.732528210	57.727272727	55.000000000
14	0.717511654	61.363636364	55.000000000
15	0.711013317	78.636363636	60.000000000
16	0.728523970	79.545454545	60.000000000
17	0.722022057	93.181818182	70.000000000
18	0.709504843	99.090909091	65.000000000
19	0.727522373	99.545454545	60.000000000
20	0.704005718	99.090909091	70.000000000
21	0.724517822	100.000000000	70.000000000
22	0.706006289	100.000000000	70.000000000
23	0.706008196	100.000000000	70.000000000
24	0.717017889	100.000000000	70.000000000
25	0.756536245	100.000000000	70.000000000

17-12-04 21-51-33
Non static: True
Word embedding: rand
Batch size: 20
Shuffer batch: True
Filter hs: [3, 5, 7]
Hidden units: [10, 2]
Dim: 100
epoch	training_time	train_perf	val_perf

1	1.424009800	57.272727273	55.000000000
2	1.420017242	57.272727273	55.000000000
3	2.605721951	57.272727273	55.000000000
4	3.223776102	57.272727273	55.000000000
5	1.392099142	57.272727273	55.000000000
6	1.420095682	57.272727273	55.000000000
7	1.496103048	57.272727273	55.000000000
8	1.508105040	80.454545455	65.000000000
9	1.372100115	81.363636364	70.000000000
10	1.360088587	82.272727273	65.000000000
11	1.475625515	88.636363636	70.000000000
12	1.435017824	98.181818182	75.000000000
13	1.406093597	99.545454545	75.000000000
14	1.421509743	100.000000000	75.000000000
15	1.428013802	100.000000000	75.000000000
16	1.408502817	100.000000000	65.000000000
17	1.378540754	100.000000000	75.000000000
18	1.405515909	100.000000000	75.000000000
19	1.397459507	100.000000000	75.000000000
20	1.380406141	100.000000000	75.000000000
21	1.383818865	100.000000000	80.000000000
22	1.352622509	100.000000000	75.000000000
23	1.388688803	100.000000000	75.000000000
24	1.368088722	100.000000000	80.000000000
25	1.376094818	100.000000000	85.000000000

17-12-04 21-56-15
Non static: True
Word embedding: rand
Batch size: 20
Shuffer batch: True
Filter hs: [3, 5, 7]
Hidden units: [10, 2]
Dim: 150
epoch	training_time	train_perf	val_perf

1	2.382691145	57.272727273	55.000000000
2	2.150526524	57.272727273	55.000000000
3	2.117503881	57.272727273	55.000000000
4	2.251924992	57.272727273	55.000000000
5	2.332216740	57.272727273	55.000000000
6	2.293940544	57.272727273	55.000000000
7	2.266948700	70.909090909	60.000000000
8	2.514165401	85.454545455	70.000000000
9	3.286377668	90.909090909	65.000000000
10	3.366891146	94.090909091	75.000000000
11	2.593841076	99.545454545	75.000000000
12	2.522376299	100.000000000	80.000000000
13	2.600346088	100.000000000	80.000000000
14	2.412212372	100.000000000	80.000000000
15	2.470768929	100.000000000	75.000000000
16	2.399713516	100.000000000	75.000000000
17	2.331655025	100.000000000	75.000000000
18	2.495772839	100.000000000	75.000000000
19	2.406718254	100.000000000	80.000000000
20	2.328664780	100.000000000	75.000000000
21	2.204065800	100.000000000	75.000000000
22	2.178064108	100.000000000	75.000000000
23	2.195575237	100.000000000	70.000000000
24	2.693413258	100.000000000	70.000000000
25	2.356183290	100.000000000	70.000000000

17-12-04 22-02-47
Non static: True
Word embedding: rand
Batch size: 20
Shuffer batch: True
Filter hs: [3, 5, 7]
Hidden units: [10, 2]
Dim: 200
epoch	training_time	train_perf	val_perf

1	3.862742424	57.272727273	55.000000000
2	3.256813526	57.272727273	55.000000000
3	3.074182987	57.272727273	55.000000000
4	3.368416786	57.272727273	55.000000000
5	3.795821190	57.272727273	55.000000000
6	4.255522251	57.272727273	55.000000000
7	3.857260466	57.727272727	55.000000000
8	4.483684540	73.636363636	55.000000000
9	4.815928221	91.818181818	60.000000000
10	3.816720724	93.636363636	65.000000000
11	3.765674591	98.181818182	70.000000000
12	3.616577148	99.545454545	70.000000000
13	3.815210104	99.090909091	65.000000000
14	4.712018490	100.000000000	70.000000000
15	4.602279425	100.000000000	65.000000000
16	3.235312223	100.000000000	60.000000000
17	3.260357141	100.000000000	65.000000000
18	3.392019510	100.000000000	60.000000000
19	3.327635527	100.000000000	65.000000000
20	2.961620569	100.000000000	70.000000000
21	3.083191156	100.000000000	65.000000000
22	2.903062105	100.000000000	60.000000000
23	2.874039888	100.000000000	60.000000000
24	2.904149055	100.000000000	60.000000000
25	2.942108154	100.000000000	65.000000000

17-12-04 22-17-20
Non static: True
Word embedding: rand
Batch size: 20
Shuffer batch: True
Filter hs: [3, 5, 7]
Hidden units: [10, 2]
Dim: 250
epoch	training_time	train_perf	val_perf

1	4.185438156	57.272727273	55.000000000
2	3.976829767	57.272727273	55.000000000
3	3.962814569	57.272727273	55.000000000
4	3.724643946	57.272727273	55.000000000
5	3.888258219	57.272727273	55.000000000
6	3.715138197	57.272727273	55.000000000
7	4.053378344	57.272727273	55.000000000
8	4.931002140	70.454545455	60.000000000
9	5.214946508	85.909090909	70.000000000
10	4.623784065	91.363636364	70.000000000
11	4.515882254	97.727272727	75.000000000
12	4.307058811	99.090909091	75.000000000
13	3.675611973	99.090909091	75.000000000
14	3.649590015	99.090909091	80.000000000
15	3.914288044	100.000000000	75.000000000
16	3.561544180	100.000000000	75.000000000
17	3.576539516	100.000000000	75.000000000
18	3.614066839	100.000000000	65.000000000
19	3.639603615	100.000000000	60.000000000
20	4.064400434	100.000000000	70.000000000
21	4.165479422	100.000000000	70.000000000
22	3.688120365	100.000000000	70.000000000
23	3.631577730	100.000000000	70.000000000
24	3.884758949	100.000000000	70.000000000
25	3.633580923	100.000000000	70.000000000

17-12-04 22-25-20
Non static: True
Word embedding: rand
Batch size: 20
Shuffer batch: True
Filter hs: [3, 5, 7]
Hidden units: [10, 2]
Dim: 300
epoch	training_time	train_perf	val_perf

1	5.775101423	57.272727273	55.000000000
2	4.808914661	57.272727273	55.000000000
3	5.380900383	57.272727273	55.000000000
4	7.054760695	57.272727273	55.000000000
5	6.946877480	57.272727273	55.000000000
6	4.958020210	74.090909091	65.000000000
7	5.657244205	87.727272727	75.000000000
8	4.830794573	99.090909091	70.000000000
9	7.997746229	99.090909091	80.000000000
10	6.763344049	100.000000000	80.000000000
11	6.520631313	100.000000000	75.000000000
12	6.134919882	100.000000000	85.000000000
13	6.592203856	100.000000000	80.000000000
14	6.824134588	100.000000000	80.000000000
15	6.582744837	100.000000000	85.000000000
16	6.813369513	100.000000000	80.000000000
17	4.899807692	100.000000000	85.000000000
18	5.048593283	100.000000000	80.000000000
19	4.863467455	100.000000000	80.000000000
20	4.705639124	100.000000000	80.000000000
21	4.754318237	100.000000000	80.000000000
22	4.776891232	100.000000000	80.000000000
23	4.713384628	100.000000000	75.000000000
24	4.885469675	100.000000000	80.000000000
25	6.280562162	100.000000000	80.000000000

===============================================================================


17-12-05 02-21-40
Non static: True
Word embedding: w2v
Batch size: 20
Shuffer batch: True
Filter hs: [3, 5, 7]
Hidden units: [10, 2]
Dim: 10
epoch	training_time	train_perf	val_perf

1	0.312505484	55.454545455	45.000000000
2	0.218751192	55.454545455	45.000000000
3	0.279647350	55.454545455	45.000000000
4	0.266634703	55.454545455	45.000000000
5	0.281253099	55.454545455	45.000000000
6	0.265628815	55.454545455	45.000000000
7	0.281653881	55.454545455	45.000000000
8	0.234376192	55.454545455	45.000000000
9	0.265630245	55.454545455	45.000000000
10	0.265627623	55.454545455	45.000000000
11	0.282269955	55.454545455	45.000000000
12	0.281252861	55.454545455	45.000000000
13	0.265627623	55.454545455	45.000000000
14	0.265630484	55.454545455	45.000000000
15	0.267138243	59.090909091	55.000000000
16	0.265627623	62.727272727	55.000000000
17	0.281254292	61.363636364	60.000000000
18	0.266642332	77.727272727	65.000000000
19	0.265626669	70.000000000	55.000000000
20	0.265628338	70.000000000	60.000000000
21	0.281252384	84.090909091	65.000000000
22	0.251516104	70.909090909	70.000000000
23	0.265627861	81.363636364	60.000000000
24	0.265626431	85.454545455	65.000000000
25	0.281255722	86.363636364	60.000000000


17-12-05 09-14-16
Non static: True
Word embedding: w2v
Batch size: 20
Shuffer batch: True
Filter hs: [3, 5, 7]
Hidden units: [10, 2]
Dim: 25
epoch	training_time	train_perf	val_perf

1	0.452826500	55.454545455	45.000000000
2	0.409290552	55.454545455	45.000000000
3	0.417294264	55.454545455	45.000000000
4	0.394780397	55.454545455	45.000000000
5	0.395281315	55.454545455	45.000000000
6	0.410791874	55.454545455	45.000000000
7	0.423301458	55.454545455	45.000000000
8	0.404287100	55.454545455	45.000000000
9	0.401827335	55.454545455	45.000000000
10	0.437311888	55.454545455	45.000000000
11	0.410290241	55.454545455	45.000000000
12	0.423800945	55.454545455	45.000000000
13	0.415796041	55.454545455	45.000000000
14	0.430804729	55.454545455	45.000000000
15	0.407290220	55.454545455	45.000000000
16	0.411793232	57.727272727	40.000000000
17	0.405288696	55.909090909	45.000000000
18	0.402284384	76.818181818	70.000000000
19	0.420299768	62.727272727	50.000000000
20	0.399284363	75.000000000	60.000000000
21	0.393279552	88.636363636	65.000000000
22	0.408288240	74.090909091	60.000000000
23	0.413795471	89.090909091	75.000000000
24	0.394780874	80.909090909	65.000000000
25	0.412292480	93.181818182	75.000000000

17-12-05 09-25-13
Non static: True
Word embedding: w2v
Batch size: 20
Shuffer batch: True
Filter hs: [3, 5, 7]
Hidden units: [10, 2]
Dim: 50
epoch	training_time	train_perf	val_perf

1	1.169829369	57.272727273	55.000000000
2	0.757549047	57.272727273	55.000000000
3	0.788560629	57.272727273	55.000000000
4	0.809572220	57.272727273	55.000000000
5	0.705502033	57.272727273	55.000000000
6	0.731516600	57.272727273	55.000000000
7	0.708504200	57.272727273	55.000000000
8	0.708502054	57.272727273	55.000000000
9	0.700497866	57.272727273	55.000000000
10	0.735524416	57.272727273	55.000000000
11	0.727514744	57.272727273	55.000000000
12	0.691492796	57.272727273	55.000000000
13	0.705500126	57.272727273	55.000000000
14	0.702498913	57.272727273	55.000000000
15	0.708503723	57.272727273	55.000000000
16	0.687488317	57.272727273	55.000000000
17	0.693496227	57.272727273	55.000000000
18	0.685482502	84.545454545	65.000000000
19	0.698496103	76.818181818	65.000000000
20	0.689489841	78.181818182	70.000000000
21	0.698497772	89.545454545	70.000000000
22	0.691489458	91.818181818	70.000000000
23	0.692494154	87.727272727	55.000000000
24	0.693490505	96.818181818	75.000000000
25	0.690490484	96.363636364	80.000000000

17-12-05 09-29-20
Non static: True
Word embedding: w2v
Batch size: 20
Shuffer batch: True
Filter hs: [3, 5, 7]
Hidden units: [10, 2]
Dim: 100
epoch	training_time	train_perf	val_perf

1	1.559119701	57.272727273	55.000000000
2	1.369106054	57.272727273	55.000000000
3	1.366361856	57.272727273	55.000000000
4	1.518099308	57.272727273	55.000000000
5	1.580342054	57.272727273	55.000000000
6	1.620148182	57.272727273	55.000000000
7	1.656176329	57.272727273	55.000000000
8	1.700206280	57.272727273	55.000000000
9	1.829518318	57.272727273	55.000000000
10	1.594632149	57.272727273	55.000000000
11	1.789272070	64.545454545	60.000000000
12	2.136017323	88.636363636	70.000000000
13	1.822293758	84.090909091	65.000000000
14	1.888339520	84.090909091	70.000000000
15	2.133067608	92.272727273	70.000000000
16	2.414214134	91.818181818	60.000000000
17	2.264607906	92.727272727	65.000000000
18	1.736733437	97.272727273	70.000000000
19	1.782782793	97.727272727	75.000000000
20	1.982424974	98.636363636	70.000000000
21	1.837399721	98.636363636	75.000000000
22	2.119004250	99.545454545	75.000000000
23	1.735232592	99.545454545	75.000000000
24	1.777762890	99.545454545	75.000000000
25	1.520079613	99.545454545	75.000000000

17-12-05 09-31-28
Non static: True
Word embedding: w2v
Batch size: 20
Shuffer batch: True
Filter hs: [3, 5, 7]
Hidden units: [10, 2]
Dim: 150
epoch	training_time	train_perf	val_perf

1	3.042680025	57.272727273	55.000000000
2	2.525806427	57.272727273	55.000000000
3	2.360191345	57.272727273	55.000000000
4	2.368182421	57.272727273	55.000000000
5	2.395226479	57.272727273	55.000000000
6	2.268656015	57.272727273	55.000000000
7	2.189084530	57.272727273	55.000000000
8	2.261144161	89.545454545	85.000000000
9	2.517815351	73.636363636	60.000000000
10	2.598345041	75.454545455	60.000000000
11	2.296161890	93.181818182	85.000000000
12	2.558316946	94.090909091	80.000000000
13	2.647470713	93.181818182	80.000000000
14	2.243649483	94.090909091	75.000000000
15	2.183049202	95.000000000	75.000000000
16	2.115502596	97.727272727	75.000000000
17	2.122536898	98.181818182	80.000000000
18	2.217089415	99.545454545	80.000000000
19	2.173556566	99.090909091	80.000000000
20	2.223578930	99.545454545	80.000000000
21	2.412714958	100.000000000	80.000000000
22	2.144038200	100.000000000	80.000000000
23	2.116518497	99.545454545	80.000000000
24	2.077528000	100.000000000	80.000000000
25	2.105615377	100.000000000	75.000000000

17-12-05 09-33-38
Non static: True
Word embedding: w2v
Batch size: 20
Shuffer batch: True
Filter hs: [3, 5, 7]
Hidden units: [10, 2]
Dim: 200
epoch	training_time	train_perf	val_perf

1	4.177469015	57.272727273	55.000000000
2	3.957819700	57.272727273	55.000000000
3	3.194796801	57.272727273	55.000000000
4	2.984620810	57.272727273	55.000000000
5	3.052722931	57.272727273	55.000000000
6	2.793999434	57.272727273	55.000000000
7	2.800128460	57.272727273	55.000000000
8	2.887050629	76.818181818	70.000000000
9	2.799502134	85.909090909	85.000000000
10	2.822001457	73.636363636	70.000000000
11	2.778485537	93.181818182	90.000000000
12	2.794500589	94.545454545	90.000000000
13	2.878944874	95.909090909	90.000000000
14	2.760773659	97.727272727	90.000000000
15	2.979997873	98.181818182	90.000000000
16	3.992335320	98.636363636	90.000000000
17	2.804010391	99.545454545	85.000000000
18	2.809497118	99.545454545	85.000000000
19	2.767981768	99.545454545	85.000000000
20	2.858598948	99.545454545	90.000000000
21	3.035208464	100.000000000	75.000000000
22	2.800084352	100.000000000	75.000000000
23	2.789982319	100.000000000	80.000000000
24	3.006634712	100.000000000	80.000000000
25	3.200809479	100.000000000	90.000000000

17-12-05 09-39-34
Non static: True
Word embedding: w2v
Batch size: 20
Shuffer batch: True
Filter hs: [3, 5, 7]
Hidden units: [10, 2]
Dim: 250
epoch	training_time	train_perf	val_perf

1	3.979324818	57.272727273	55.000000000
2	3.452952862	57.272727273	55.000000000
3	3.527006149	57.272727273	55.000000000
4	4.133955479	57.272727273	55.000000000
5	4.363191843	57.272727273	55.000000000
6	4.804469109	65.454545455	60.000000000
7	4.169527054	71.818181818	65.000000000
8	3.884759426	95.000000000	70.000000000
9	3.587704659	91.818181818	85.000000000
10	4.225000620	87.727272727	75.000000000
11	4.041909933	97.272727273	80.000000000
12	4.180469751	97.727272727	70.000000000
13	4.230090618	99.090909091	90.000000000
14	3.737668037	99.545454545	90.000000000
15	3.676635504	99.545454545	90.000000000
16	3.959341526	99.545454545	90.000000000
17	3.678961515	99.545454545	85.000000000
18	3.873382568	99.545454545	85.000000000
19	3.767261028	99.545454545	85.000000000
20	3.485013723	100.000000000	85.000000000
21	3.512550354	100.000000000	85.000000000
22	3.542566538	100.000000000	80.000000000
23	3.576617956	100.000000000	80.000000000
24	3.553561687	100.000000000	85.000000000
25	3.527506590	100.000000000	85.000000000

17-12-05 09-41-50
Non static: True
Word embedding: w2v
Batch size: 20
Shuffer batch: True
Filter hs: [3, 5, 7]
Hidden units: [10, 2]
Dim: 300
epoch	training_time	train_perf	val_perf

1	5.259236097	57.272727273	55.000000000
2	4.918352842	57.272727273	55.000000000
3	6.241006613	57.272727273	55.000000000
4	5.060220003	57.272727273	55.000000000
5	5.147724152	58.636363636	55.000000000
6	5.144387007	69.545454545	65.000000000
7	5.640025616	79.090909091	70.000000000
8	5.501136303	91.363636364	55.000000000
9	5.416427612	90.909090909	80.000000000
10	4.510758877	90.454545455	75.000000000
11	4.650815964	98.181818182	75.000000000
12	4.865525007	97.272727273	70.000000000
13	4.652378321	99.090909091	75.000000000
14	4.673007250	99.090909091	70.000000000
15	4.542374134	99.090909091	70.000000000
16	4.398703098	99.545454545	80.000000000
17	4.371598721	99.545454545	75.000000000
18	4.394195557	100.000000000	75.000000000
19	5.227223396	100.000000000	80.000000000
20	4.831454754	100.000000000	80.000000000
21	4.521745682	100.000000000	85.000000000
22	4.547298193	100.000000000	80.000000000
23	4.809056044	100.000000000	85.000000000
24	4.669874430	100.000000000	80.000000000
25	4.898001194	100.000000000	85.000000000

===============================================================================


17-12-05 10-53-46
Non static: True
Word embedding: w2v
Batch size: 20
Shuffer batch: True
Filter hs: [3, 5, 5]
Hidden units: [20, 2]
Dim: 100
epoch	training_time	train_perf	val_perf

1	2.783490419	57.272727273	55.000000000
2	2.651901960	57.272727273	55.000000000
3	2.742447376	57.272727273	55.000000000
4	2.413213968	57.272727273	55.000000000
5	2.353170395	57.272727273	55.000000000
6	2.372686625	57.272727273	55.000000000
7	2.402749062	57.272727273	55.000000000
8	2.437249422	57.272727273	55.000000000
9	2.491769791	62.272727273	55.000000000
10	2.350187540	59.090909091	55.000000000
11	2.346666813	73.636363636	65.000000000
12	2.407709122	86.363636364	75.000000000
13	2.380691051	85.000000000	75.000000000
14	2.399223804	92.727272727	70.000000000
15	2.372730255	94.090909091	75.000000000
16	2.447365046	96.363636364	75.000000000
17	3.028150797	96.363636364	75.000000000
18	3.028651714	99.090909091	80.000000000
19	3.574059725	99.090909091	80.000000000
20	2.664392710	99.090909091	75.000000000
21	2.297155619	99.090909091	75.000000000
22	2.401722908	99.545454545	75.000000000
23	2.384192467	99.545454545	75.000000000
24	2.458245516	99.545454545	75.000000000
25	2.402216434	99.545454545	75.000000000

17-12-05 10-57-32
Non static: True
Word embedding: w2v
Batch size: 20
Shuffer batch: True
Filter hs: [3, 5, 5]
Hidden units: [40, 2]
Dim: 100
epoch	training_time	train_perf	val_perf

1	5.010595798	57.272727273	55.000000000
2	4.545282364	57.272727273	55.000000000
3	5.154660225	57.272727273	55.000000000
4	5.179194450	57.272727273	55.000000000
5	4.603269339	57.272727273	55.000000000
6	4.488164902	57.272727273	55.000000000
7	4.445638418	57.272727273	55.000000000
8	4.562252522	79.090909091	60.000000000
9	4.768437862	82.727272727	70.000000000
10	5.008095026	60.909090909	55.000000000
11	4.673398256	92.272727273	85.000000000
12	4.703433514	94.545454545	80.000000000
13	4.436170816	96.818181818	80.000000000
14	4.968087673	96.363636364	80.000000000
15	4.649637222	97.272727273	80.000000000
16	5.572962046	97.272727273	80.000000000
17	5.794147730	99.545454545	85.000000000
18	5.385870457	99.090909091	85.000000000
19	4.924509287	99.545454545	85.000000000
20	5.132208824	99.545454545	65.000000000
21	5.048114538	100.000000000	70.000000000
22	5.382335663	100.000000000	85.000000000
23	4.836435080	100.000000000	80.000000000
24	4.452183485	100.000000000	85.000000000
25	4.592786312	100.000000000	85.000000000

17-12-05 11-01-01
Non static: True
Word embedding: w2v
Batch size: 20
Shuffer batch: True
Filter hs: [3, 5, 5]
Hidden units: [80, 2]
Dim: 100
epoch	training_time	train_perf	val_perf

1	10.020579576	57.272727273	55.000000000
2	9.798210859	57.272727273	55.000000000
3	10.123666048	57.272727273	55.000000000
4	11.337041855	57.272727273	55.000000000
5	10.385997057	57.272727273	55.000000000
6	9.607228279	57.272727273	55.000000000
7	9.366243362	58.181818182	55.000000000
8	9.367681265	70.909090909	60.000000000
9	9.814978361	93.181818182	85.000000000
10	8.950684786	71.818181818	60.000000000
11	8.915250301	94.090909091	80.000000000
12	10.258614063	95.909090909	85.000000000
13	10.077172995	97.727272727	80.000000000
14	10.805713177	98.181818182	80.000000000
15	9.732886076	99.090909091	90.000000000
16	11.249289513	99.545454545	90.000000000
17	10.515496016	99.545454545	90.000000000
18	10.513569832	99.545454545	85.000000000
19	9.742231846	99.545454545	80.000000000
20	9.606354237	100.000000000	75.000000000
21	9.718233585	100.000000000	80.000000000
22	9.491655827	100.000000000	85.000000000
23	9.496499777	100.000000000	75.000000000
24	9.493816853	100.000000000	85.000000000
25	10.418976068	100.000000000	85.000000000

17-12-05 11-07-49
Non static: True
Word embedding: w2v
Batch size: 20
Shuffer batch: True
Filter hs: [3, 5, 5]
Hidden units: [100, 2]
Dim: 100
epoch	training_time	train_perf	val_perf

1	13.236400127	57.272727273	55.000000000
2	13.013962030	57.272727273	55.000000000
3	12.754671574	57.272727273	55.000000000
4	12.276792288	57.272727273	55.000000000
5	11.982093573	57.272727273	55.000000000
6	12.801159620	57.272727273	55.000000000
7	12.504729986	57.272727273	55.000000000
8	13.490858316	85.454545455	60.000000000
9	11.788238049	92.727272727	85.000000000
10	11.045579910	73.181818182	60.000000000
11	12.364990473	96.363636364	75.000000000
12	11.628142357	97.727272727	75.000000000
13	12.492431164	98.181818182	80.000000000
14	14.040211678	99.545454545	80.000000000
15	13.877628565	99.090909091	80.000000000
16	13.190099239	99.545454545	85.000000000
17	12.950371504	99.545454545	85.000000000
18	12.203157425	99.545454545	85.000000000
19	12.242773056	99.545454545	85.000000000
20	11.734283209	100.000000000	75.000000000
21	11.801987648	100.000000000	85.000000000
22	11.466675520	100.000000000	80.000000000
23	11.480748653	100.000000000	75.000000000
24	12.868173599	100.000000000	75.000000000
25	11.939531326	100.000000000	75.000000000

===============================================================================


17-12-05 11-14-59
Non static: True
Word embedding: w2v
Batch size: 20
Shuffer batch: True
Filter hs: [3, 5, 7]
Hidden units: [10, 2]
Dim: 10
epoch	training_time	train_perf	val_perf

1	0.256197691	55.454545455	45.000000000
2	0.274230957	55.454545455	45.000000000
3	0.328259230	55.454545455	45.000000000
4	0.290724039	55.454545455	45.000000000
5	0.272217989	55.454545455	45.000000000
6	0.252697468	55.454545455	45.000000000
7	0.226034403	55.454545455	45.000000000
8	0.224170923	55.454545455	45.000000000
9	0.212165117	55.454545455	45.000000000
10	0.218769789	55.454545455	45.000000000
11	0.255712986	55.454545455	45.000000000
12	0.240184784	55.454545455	45.000000000
13	0.231182814	55.454545455	45.000000000
14	0.288929224	55.454545455	45.000000000
15	0.253500462	59.090909091	55.000000000
16	0.234686375	62.727272727	55.000000000
17	0.221298933	61.363636364	60.000000000
18	0.224158764	77.727272727	65.000000000
19	0.218154907	70.000000000	55.000000000
20	0.217155457	70.000000000	60.000000000
21	0.220155716	84.090909091	65.000000000
22	0.228161335	70.909090909	70.000000000
23	0.219156504	81.363636364	60.000000000
24	0.215152740	85.454545455	65.000000000
25	0.225157976	86.363636364	60.000000000
26	0.211148977	87.727272727	65.000000000
27	0.219155788	89.545454545	60.000000000
28	0.215152979	90.000000000	65.000000000
29	0.254181385	92.272727273	55.000000000
30	0.267188549	90.000000000	65.000000000
31	0.280198812	91.818181818	70.000000000
32	0.325242758	93.636363636	65.000000000
33	0.243169785	95.000000000	65.000000000
34	0.249176502	97.272727273	55.000000000
35	0.296211004	97.272727273	60.000000000
36	0.289205790	97.727272727	60.000000000
37	0.252160072	97.727272727	60.000000000
38	0.211150169	97.727272727	60.000000000
39	0.251179457	97.727272727	60.000000000
40	0.231163263	98.181818182	60.000000000
41	0.214153290	98.636363636	55.000000000
42	0.213151932	98.636363636	55.000000000
43	0.236170053	99.090909091	55.000000000
44	0.272191525	99.090909091	60.000000000
45	0.260183811	99.545454545	55.000000000
46	0.267189503	99.545454545	55.000000000
47	0.257184267	99.545454545	55.000000000
48	0.255180120	99.545454545	55.000000000
49	0.258184195	99.545454545	55.000000000
50	0.268189192	99.545454545	55.000000000
51	0.325237751	99.545454545	55.000000000
52	0.292207718	99.545454545	60.000000000
53	0.297210932	99.545454545	60.000000000
54	0.314222097	99.545454545	60.000000000
55	0.315222979	100.000000000	55.000000000
56	0.272194147	100.000000000	55.000000000
57	0.234166861	100.000000000	60.000000000
58	0.258184195	100.000000000	55.000000000
59	0.245173216	100.000000000	55.000000000
60	0.243171930	100.000000000	55.000000000
61	0.220155239	100.000000000	55.000000000
62	0.242170572	100.000000000	55.000000000
63	0.233166695	100.000000000	55.000000000
64	0.228160381	100.000000000	55.000000000
65	0.217153788	100.000000000	55.000000000
66	0.241169930	100.000000000	55.000000000
67	0.258184433	100.000000000	55.000000000
68	0.253180742	100.000000000	55.000000000
69	0.237170219	100.000000000	55.000000000
70	0.248176575	100.000000000	55.000000000
71	0.278196812	100.000000000	55.000000000
72	0.223159790	100.000000000	55.000000000
73	0.267206907	100.000000000	55.000000000
74	0.275187731	100.000000000	55.000000000
75	0.234166145	100.000000000	55.000000000
76	0.236168385	100.000000000	55.000000000
77	0.226158857	100.000000000	55.000000000
78	0.381273031	100.000000000	55.000000000
79	0.283200502	100.000000000	55.000000000
80	0.211384058	100.000000000	55.000000000
81	0.229158401	100.000000000	55.000000000
82	0.201143742	100.000000000	55.000000000
83	0.226160765	100.000000000	55.000000000
84	0.202445745	100.000000000	55.000000000
85	0.199129105	100.000000000	55.000000000
86	0.285540342	100.000000000	55.000000000
87	0.282200575	100.000000000	55.000000000
88	0.207100153	100.000000000	55.000000000
89	0.203142881	100.000000000	55.000000000
90	0.208456039	100.000000000	55.000000000
91	0.309954882	100.000000000	55.000000000
92	0.216577768	100.000000000	55.000000000
93	0.199736595	100.000000000	55.000000000
94	0.237116337	100.000000000	55.000000000
95	0.253179789	100.000000000	55.000000000
96	0.217888594	100.000000000	55.000000000
97	0.210926294	100.000000000	55.000000000
98	0.220030785	100.000000000	55.000000000
99	0.248177052	100.000000000	55.000000000
100	0.303213596	100.000000000	55.000000000

17-12-05 11-17-59
Non static: True
Word embedding: w2v
Batch size: 20
Shuffer batch: True
Filter hs: [3, 5, 7]
Hidden units: [10, 2]
Dim: 25
epoch	training_time	train_perf	val_perf

1	0.454045057	55.454545455	45.000000000
2	0.437328100	55.454545455	45.000000000
3	0.376265526	55.454545455	45.000000000
4	0.439314127	55.454545455	45.000000000
5	0.471333027	55.454545455	45.000000000
6	0.622904062	55.454545455	45.000000000
7	0.525967598	55.454545455	45.000000000
8	0.601722717	55.454545455	45.000000000
9	0.526161671	55.454545455	45.000000000
10	0.578410864	55.454545455	45.000000000
11	0.490401745	55.454545455	45.000000000
12	0.483956099	55.454545455	45.000000000
13	0.403613567	55.454545455	45.000000000
14	0.375033379	55.454545455	45.000000000
15	0.388956547	55.454545455	45.000000000
16	0.517376661	57.727272727	40.000000000
17	0.463896275	55.909090909	45.000000000
18	0.455821037	76.818181818	70.000000000
19	0.425007343	62.727272727	50.000000000
20	0.447245836	75.000000000	60.000000000
21	0.471657753	88.636363636	65.000000000
22	0.528720617	74.090909091	60.000000000
23	0.535632849	89.090909091	75.000000000
24	0.405599117	80.909090909	65.000000000
25	0.427466631	93.181818182	75.000000000
26	0.412801266	92.727272727	60.000000000
27	0.438133955	88.636363636	70.000000000
28	0.468178988	90.454545455	65.000000000
29	0.416223764	97.272727273	75.000000000
30	0.428184271	95.454545455	75.000000000
31	0.434348822	95.454545455	60.000000000
32	0.400593281	97.727272727	60.000000000
33	0.437774658	98.636363636	55.000000000
34	0.437801361	98.181818182	75.000000000
35	0.554870605	98.636363636	75.000000000
36	0.423000097	98.636363636	75.000000000
37	0.425469637	99.090909091	65.000000000
38	0.475142717	98.636363636	75.000000000
39	0.401827335	99.090909091	75.000000000
40	0.467803955	99.090909091	75.000000000
41	0.465502501	99.090909091	75.000000000
42	0.497352600	99.090909091	75.000000000
43	0.541065931	99.545454545	75.000000000
44	0.461663723	100.000000000	75.000000000
45	0.514365673	100.000000000	75.000000000
46	0.508009672	100.000000000	75.000000000
47	0.444265366	100.000000000	75.000000000
48	0.445474386	100.000000000	75.000000000
49	0.428195000	100.000000000	80.000000000
50	0.432940245	100.000000000	75.000000000
51	0.437715292	100.000000000	75.000000000
52	0.416767359	100.000000000	75.000000000
53	0.417750597	100.000000000	80.000000000
54	0.402322531	100.000000000	75.000000000
55	0.417771816	100.000000000	75.000000000
56	0.416043282	100.000000000	75.000000000
57	0.417387009	100.000000000	75.000000000
58	0.434133291	100.000000000	75.000000000
59	0.415946245	100.000000000	75.000000000
60	0.441468477	100.000000000	75.000000000
61	0.418164730	100.000000000	75.000000000
62	0.407904863	100.000000000	75.000000000
63	0.465423107	100.000000000	75.000000000
64	0.418463707	100.000000000	75.000000000
65	0.463171482	100.000000000	75.000000000
66	0.433616161	100.000000000	75.000000000
67	0.419952154	100.000000000	75.000000000
68	0.433212519	100.000000000	75.000000000
69	0.415443420	100.000000000	75.000000000
70	0.434394360	100.000000000	75.000000000
71	0.400090694	100.000000000	75.000000000
72	0.423412800	100.000000000	75.000000000
73	0.413461208	100.000000000	70.000000000
74	0.425700903	100.000000000	75.000000000
75	0.404389620	100.000000000	75.000000000
76	0.422640085	100.000000000	75.000000000
77	0.433645725	100.000000000	75.000000000
78	0.422798634	100.000000000	75.000000000
79	0.409390926	100.000000000	75.000000000
80	0.407784462	100.000000000	75.000000000
81	0.417262554	100.000000000	75.000000000
82	0.419233799	100.000000000	75.000000000
83	0.424577475	100.000000000	75.000000000
84	0.415359497	100.000000000	70.000000000
85	0.397253752	100.000000000	75.000000000
86	0.455060482	100.000000000	75.000000000
87	0.419661522	100.000000000	75.000000000
88	0.414938211	100.000000000	75.000000000
89	0.411624193	100.000000000	75.000000000
90	0.421835661	100.000000000	75.000000000
91	0.411230803	100.000000000	75.000000000
92	0.426254034	100.000000000	75.000000000
93	0.429564714	100.000000000	75.000000000
94	0.431805134	100.000000000	75.000000000
95	0.414140224	100.000000000	75.000000000
96	0.431654215	100.000000000	75.000000000
97	0.403668165	100.000000000	75.000000000
98	0.432240963	100.000000000	70.000000000
99	0.383049250	100.000000000	75.000000000
100	0.433306217	100.000000000	75.000000000

17-12-05 11-19-43
Non static: True
Word embedding: w2v
Batch size: 20
Shuffer batch: True
Filter hs: [3, 5, 7]
Hidden units: [10, 2]
Dim: 50
epoch	training_time	train_perf	val_perf

1	1.027230024	57.272727273	55.000000000
2	0.925158501	57.272727273	55.000000000
3	0.796065092	57.272727273	55.000000000
4	0.896136522	57.272727273	55.000000000
5	0.738050222	57.272727273	55.000000000
6	0.722013235	57.272727273	55.000000000
7	0.751542807	57.272727273	55.000000000
8	0.772548199	57.272727273	55.000000000
9	0.762547970	57.272727273	55.000000000
10	0.733520031	57.272727273	55.000000000
11	0.724515200	57.272727273	55.000000000
12	0.731532574	57.272727273	55.000000000
13	0.720025778	57.272727273	55.000000000
14	0.722012520	57.272727273	55.000000000
15	0.705078602	57.272727273	55.000000000
16	0.730654001	57.272727273	55.000000000
17	0.728476524	57.272727273	55.000000000
18	0.731549501	84.545454545	65.000000000
19	0.714832067	76.818181818	65.000000000
20	0.694510937	78.181818182	70.000000000
21	0.742547035	89.545454545	70.000000000
22	0.697664976	91.818181818	70.000000000
23	0.725836515	87.727272727	55.000000000
24	0.727780819	96.818181818	75.000000000
25	0.719663382	96.363636364	80.000000000
26	0.711376190	98.181818182	80.000000000
27	0.708708286	98.181818182	75.000000000
28	0.680478096	98.181818182	80.000000000
29	0.702740908	98.181818182	75.000000000
30	0.750509501	99.545454545	80.000000000
31	0.702153444	99.545454545	85.000000000
32	0.719623327	99.090909091	75.000000000
33	0.695321321	99.545454545	75.000000000
34	0.705245018	99.545454545	75.000000000
35	0.718813419	99.545454545	75.000000000
36	0.698000908	99.545454545	80.000000000
37	0.703811646	100.000000000	75.000000000
38	0.717621803	100.000000000	75.000000000
39	0.711418152	100.000000000	80.000000000
40	0.707740068	100.000000000	70.000000000
41	0.699564934	100.000000000	75.000000000
42	0.713506699	100.000000000	80.000000000
43	0.709102631	100.000000000	75.000000000
44	0.730557680	100.000000000	70.000000000
45	0.705740690	100.000000000	70.000000000
46	0.705306768	100.000000000	70.000000000
47	0.694295406	100.000000000	70.000000000
48	0.695176840	100.000000000	70.000000000
49	0.706926107	100.000000000	70.000000000
50	0.728488922	100.000000000	75.000000000
51	0.708203316	100.000000000	75.000000000
52	0.699333906	100.000000000	75.000000000
53	0.699506521	100.000000000	70.000000000
54	0.706930876	100.000000000	75.000000000
55	0.693020344	100.000000000	70.000000000
56	0.717333794	100.000000000	75.000000000
57	0.715043783	100.000000000	70.000000000
58	0.698714972	100.000000000	75.000000000
59	0.710378885	100.000000000	80.000000000
60	0.711845160	100.000000000	75.000000000
61	0.730192423	100.000000000	75.000000000
62	0.795996189	100.000000000	75.000000000
63	0.908716440	100.000000000	75.000000000
64	0.867614508	100.000000000	75.000000000
65	1.026734829	100.000000000	75.000000000
66	1.052746058	100.000000000	75.000000000
67	0.882805109	100.000000000	80.000000000
68	0.826506138	100.000000000	75.000000000
69	0.710084677	100.000000000	75.000000000
70	0.701524019	100.000000000	75.000000000
71	0.719954252	100.000000000	75.000000000
72	0.705000639	100.000000000	70.000000000
73	0.719546556	100.000000000	75.000000000
74	0.723427057	100.000000000	70.000000000
75	0.730017900	100.000000000	75.000000000
76	0.711506605	100.000000000	75.000000000
77	0.703499317	100.000000000	75.000000000
78	0.794063330	100.000000000	75.000000000
79	0.853107214	100.000000000	75.000000000
80	0.794564962	100.000000000	75.000000000
81	0.847602606	100.000000000	75.000000000
82	0.742471933	100.000000000	75.000000000
83	0.701548576	100.000000000	75.000000000
84	0.700882196	100.000000000	75.000000000
85	0.702205896	100.000000000	75.000000000
86	0.716958761	100.000000000	75.000000000
87	0.716917276	100.000000000	75.000000000
88	0.701342821	100.000000000	75.000000000
89	0.734367609	100.000000000	75.000000000
90	0.694489002	100.000000000	75.000000000
91	0.708514214	100.000000000	75.000000000
92	0.706603289	100.000000000	75.000000000
93	0.715648413	100.000000000	75.000000000
94	0.715653896	100.000000000	75.000000000
95	0.710958242	100.000000000	75.000000000
96	0.720548630	100.000000000	75.000000000
97	0.735029459	100.000000000	75.000000000
98	0.720032930	100.000000000	75.000000000
99	0.723906755	100.000000000	75.000000000
100	0.737798691	100.000000000	75.000000000

17-12-05 11-23-03
Non static: True
Word embedding: w2v
Batch size: 20
Shuffer batch: True
Filter hs: [3, 5, 7]
Hidden units: [10, 2]
Dim: 100
epoch	training_time	train_perf	val_perf

1	2.030912638	57.272727273	55.000000000
2	1.626454830	57.272727273	55.000000000
3	1.576139927	57.272727273	55.000000000
4	1.500629425	57.272727273	55.000000000
5	1.714884996	57.272727273	55.000000000
6	1.486519814	57.272727273	55.000000000
7	1.398886442	57.272727273	55.000000000
8	1.432492733	57.272727273	55.000000000
9	1.523181915	57.272727273	55.000000000
10	1.770512104	57.272727273	55.000000000
11	1.659499645	64.545454545	60.000000000
12	1.423117161	88.636363636	70.000000000
13	1.649169683	84.090909091	65.000000000
14	1.667184353	84.090909091	70.000000000
15	1.465039253	92.272727273	70.000000000
16	1.496062994	91.818181818	60.000000000
17	1.855319738	92.727272727	65.000000000
18	1.698206186	97.272727273	70.000000000
19	1.714216709	97.727272727	75.000000000
20	1.504068613	98.636363636	70.000000000
21	1.469042063	98.636363636	75.000000000
22	1.415005922	99.545454545	75.000000000
23	1.474047184	99.545454545	75.000000000
24	1.603138924	99.545454545	75.000000000
25	1.609426498	99.545454545	75.000000000
26	1.391534090	99.545454545	65.000000000
27	1.614646912	99.545454545	70.000000000
28	1.500077248	99.545454545	75.000000000
29	1.582123756	99.545454545	75.000000000
30	1.701765537	99.545454545	75.000000000
31	1.653221607	100.000000000	75.000000000
32	1.587146521	100.000000000	75.000000000
33	1.660679817	100.000000000	75.000000000
34	1.628655910	100.000000000	75.000000000
35	1.881335735	100.000000000	75.000000000
36	1.482625961	100.000000000	60.000000000
37	1.369003534	100.000000000	75.000000000
38	1.345480204	100.000000000	75.000000000
39	1.406539917	100.000000000	75.000000000
40	1.425054550	100.000000000	75.000000000
41	1.420010805	100.000000000	75.000000000
42	1.601138830	100.000000000	75.000000000
43	1.831743240	100.000000000	75.000000000
44	1.671339750	100.000000000	75.000000000
45	1.419714212	100.000000000	75.000000000
46	1.501774788	100.000000000	75.000000000
47	1.382342815	100.000000000	75.000000000
48	1.375115395	100.000000000	75.000000000
49	1.344932556	100.000000000	75.000000000
50	1.441362858	100.000000000	75.000000000
51	1.461978674	100.000000000	75.000000000
52	1.346704245	100.000000000	75.000000000
53	1.372628450	100.000000000	75.000000000
54	1.338758945	100.000000000	75.000000000
55	1.357165337	100.000000000	75.000000000
56	1.389498234	100.000000000	75.000000000
57	1.351722002	100.000000000	75.000000000
58	1.413305283	100.000000000	75.000000000
59	1.317581654	100.000000000	75.000000000
60	1.354704857	100.000000000	75.000000000
61	1.344445229	100.000000000	75.000000000
62	1.368376732	100.000000000	75.000000000
63	1.338267803	100.000000000	75.000000000
64	1.395742655	100.000000000	75.000000000
65	1.356806040	100.000000000	75.000000000
66	1.526217461	100.000000000	75.000000000
67	1.398364067	100.000000000	75.000000000
68	1.269742012	100.000000000	75.000000000
69	1.260152102	100.000000000	65.000000000
70	1.256930828	100.000000000	75.000000000
71	1.315056562	100.000000000	75.000000000
72	1.356793165	100.000000000	75.000000000
73	1.376746655	100.000000000	60.000000000
74	1.341587782	100.000000000	70.000000000
75	1.353467703	100.000000000	75.000000000
76	1.347699165	100.000000000	75.000000000
77	1.385648489	100.000000000	75.000000000
78	1.281600714	100.000000000	75.000000000
79	1.382388592	100.000000000	75.000000000
80	1.369375706	100.000000000	75.000000000
81	1.375054836	100.000000000	75.000000000
82	1.612471581	100.000000000	75.000000000
83	1.405754328	100.000000000	75.000000000
84	1.361948252	100.000000000	75.000000000
85	1.398723364	100.000000000	75.000000000
86	1.525506973	100.000000000	75.000000000
87	1.362693310	100.000000000	75.000000000
88	1.343398809	100.000000000	75.000000000
89	1.247719049	100.000000000	75.000000000
90	1.259718657	100.000000000	75.000000000
91	1.295855284	100.000000000	75.000000000
92	1.247164965	100.000000000	75.000000000
93	1.299845457	100.000000000	75.000000000
94	1.237463236	100.000000000	75.000000000
95	1.318293095	100.000000000	75.000000000
96	1.266136408	100.000000000	75.000000000
97	1.258520126	100.000000000	75.000000000
98	1.311718225	100.000000000	75.000000000
99	1.328584194	100.000000000	75.000000000
100	1.313430309	100.000000000	75.000000000

===============================================================================


17-12-05 12-35-05
Non static: True
Word embedding: w2v
Batch size: 20
Shuffer batch: True
Filter hs: [3, 3, 3]
Hidden units: [10, 2]
Dim: 100
epoch	training_time	train_perf	val_perf

1	1.245729208	57.272727273	55.000000000
2	0.892732620	57.272727273	55.000000000
3	1.003464699	57.272727273	55.000000000
4	0.904879570	57.272727273	55.000000000
5	1.089410543	57.272727273	55.000000000
6	1.035476208	57.272727273	55.000000000
7	1.075125456	57.272727273	55.000000000
8	1.178335667	57.272727273	55.000000000
9	0.899139166	57.272727273	55.000000000
10	0.909168959	57.272727273	55.000000000
11	0.886629820	77.272727273	65.000000000
12	0.890777588	90.909090909	80.000000000
13	0.897636414	85.000000000	70.000000000
14	0.900692225	90.454545455	75.000000000
15	0.868626356	95.909090909	80.000000000
16	0.965185642	95.454545455	80.000000000
17	0.914659262	96.818181818	80.000000000
18	0.981356859	97.727272727	85.000000000
19	0.953695536	98.636363636	85.000000000
20	0.950949192	99.090909091	85.000000000
21	0.887845755	99.090909091	85.000000000
22	0.912084341	99.545454545	70.000000000
23	0.873598099	100.000000000	70.000000000
24	0.878292322	100.000000000	70.000000000
25	0.882663488	100.000000000	75.000000000

17-12-05 13-10-29
Non static: True
Word embedding: w2v
Batch size: 20
Shuffer batch: True
Filter hs: [5, 5, 5]
Hidden units: [10, 2]
Dim: 100
epoch	training_time	train_perf	val_perf

1	1.523607016	57.272727273	55.000000000
2	1.438522339	57.272727273	55.000000000
3	1.441021442	57.272727273	55.000000000
4	1.439021587	57.272727273	55.000000000
5	1.430032969	57.272727273	55.000000000
6	1.443680525	57.272727273	55.000000000
7	1.391506195	57.272727273	55.000000000
8	1.422009706	57.272727273	55.000000000
9	1.467542648	57.272727273	55.000000000
10	1.470044374	57.272727273	55.000000000
11	1.427086830	57.272727273	55.000000000
12	1.438529253	65.454545455	60.000000000
13	1.427011251	69.545454545	65.000000000
14	1.404009819	75.000000000	70.000000000
15	1.414003372	76.818181818	65.000000000
16	1.420008421	79.090909091	65.000000000
17	1.393999815	80.000000000	70.000000000
18	1.416505575	97.727272727	60.000000000
19	1.408041477	97.272727273	80.000000000
20	1.420007944	99.090909091	75.000000000
21	1.418007851	99.090909091	75.000000000
22	1.427074432	99.545454545	75.000000000
23	1.481627941	99.545454545	75.000000000
24	1.426515341	99.545454545	75.000000000
25	1.423670053	99.545454545	75.000000000

17-12-05 13-45-36
Non static: True
Word embedding: w2v
Batch size: 20
Shuffer batch: True
Filter hs: [7, 7, 7]
Hidden units: [10, 2]
Dim: 100
epoch	training_time	train_perf	val_perf

1	1.890668154	57.272727273	55.000000000
2	1.812505484	57.272727273	55.000000000
3	1.796904802	57.272727273	55.000000000
4	1.828150749	57.272727273	55.000000000
5	1.812525988	57.272727273	55.000000000
6	1.812517166	57.272727273	55.000000000
7	1.750030994	57.272727273	55.000000000
8	1.750016928	57.272727273	55.000000000
9	2.172917604	57.272727273	55.000000000
10	1.671903372	57.272727273	55.000000000
11	1.671893597	59.090909091	55.000000000
12	1.687522650	74.090909091	70.000000000
13	1.718775749	66.363636364	55.000000000
14	1.703146219	73.181818182	65.000000000
15	1.656275034	86.363636364	75.000000000
16	1.687526226	80.909090909	70.000000000
17	1.640644789	88.181818182	70.000000000
18	1.687520027	96.818181818	80.000000000
19	1.656274557	89.090909091	75.000000000
20	1.672564507	98.636363636	75.000000000
21	1.688018799	98.636363636	80.000000000
22	1.703999281	99.090909091	80.000000000
23	1.704022884	99.090909091	70.000000000
24	1.672086954	99.545454545	75.000000000
25	1.735338926	99.545454545	85.000000000

17-12-05 13-48-51
Non static: True
Word embedding: w2v
Batch size: 20
Shuffer batch: True
Filter hs: [3, 4, 5]
Hidden units: [10, 2]
Dim: 100
epoch	training_time	train_perf	val_perf

1	1.171890020	57.272727273	55.000000000
2	1.093767166	57.272727273	55.000000000
3	1.093762398	57.272727273	55.000000000
4	1.078162193	57.272727273	55.000000000
5	1.078117847	57.272727273	55.000000000
6	1.046895027	57.272727273	55.000000000
7	1.031258583	57.272727273	55.000000000
8	1.046889782	57.272727273	55.000000000
9	1.031264544	58.636363636	55.000000000
10	1.031265736	58.181818182	55.000000000
11	1.046885967	68.636363636	70.000000000
12	1.031261444	80.909090909	70.000000000
13	1.062516451	81.818181818	70.000000000
14	1.093763113	90.000000000	75.000000000
15	1.078141928	90.909090909	70.000000000
16	1.093768358	94.090909091	75.000000000
17	1.078137636	95.454545455	65.000000000
18	1.078137636	97.727272727	75.000000000
19	1.046894073	98.181818182	85.000000000
20	1.031259775	98.636363636	85.000000000
21	1.031262398	99.090909091	75.000000000
22	1.062513590	99.545454545	75.000000000
23	1.078143120	99.090909091	65.000000000
24	1.046888590	99.545454545	65.000000000
25	1.046890736	99.545454545	75.000000000

===============================================================================
===============================================================================
===============================================================================
===============================================================================

17-12-08 00-06-45
Non static: True
Word embedding: w2v
Batch size: 20
Shuffer batch: True
Filter hs: [3, 4, 5]
Hidden units: [10, 2]
Dim: 10
epoch	training_time	train_perf	val_perf

1	0.737103701	56.428571429	50.000000000
2	0.666974783	56.428571429	50.000000000
3	0.381772518	56.428571429	50.000000000
4	0.283701658	56.428571429	50.000000000
5	0.298212290	56.428571429	50.000000000
6	0.337739706	56.428571429	50.000000000
7	0.302714348	56.428571429	50.000000000
8	0.278199434	56.428571429	50.000000000
9	0.292206764	56.428571429	50.000000000
10	0.332262039	56.428571429	50.000000000
11	0.437312603	56.428571429	50.000000000
12	0.273697376	56.428571429	50.000000000
13	0.325228453	56.428571429	50.000000000
14	0.283699989	56.428571429	50.000000000
15	0.304219484	56.428571429	50.000000000
16	0.279198647	56.428571429	50.000000000
17	0.292716503	56.428571429	50.000000000
18	0.603430271	56.428571429	50.000000000
19	0.559899092	56.428571429	50.000000000
20	0.471335888	56.428571429	50.000000000
21	0.416796684	56.428571429	50.000000000
22	0.416296721	56.785714286	50.000000000
23	0.399784088	56.785714286	50.000000000
24	0.323230505	56.428571429	50.000000000
25	0.405789137	56.428571429	50.000000000

17-12-08 00-09-10
Non static: True
Word embedding: w2v
Batch size: 20
Shuffer batch: True
Filter hs: [3, 4, 5]
Hidden units: [10, 2]
Dim: 25
epoch	training_time	train_perf	val_perf

1	0.660469294	56.428571429	50.000000000
2	0.628947496	56.428571429	50.000000000
3	0.609434605	56.428571429	50.000000000
4	0.618941784	56.428571429	50.000000000
5	0.650965691	56.428571429	50.000000000
6	0.745530605	56.428571429	50.000000000
7	0.714007616	56.428571429	50.000000000
8	0.632949591	56.428571429	50.000000000
9	0.681484938	56.428571429	50.000000000
10	0.715509653	56.428571429	50.000000000
11	0.609943867	56.428571429	50.000000000
12	0.637952328	56.428571429	50.000000000
13	0.595925331	56.428571429	50.000000000
14	0.781056404	56.428571429	50.000000000
15	0.624946356	56.428571429	50.000000000
16	0.607933283	56.428571429	50.000000000
17	0.620442390	56.428571429	50.000000000
18	0.605931997	57.857142857	50.000000000
19	0.616523027	67.142857143	50.000000000
20	0.603427649	69.285714286	45.000000000
21	0.683986664	67.142857143	50.000000000
22	0.644459009	71.071428571	45.000000000
23	0.602929354	78.571428571	45.000000000
24	0.632950306	80.714285714	45.000000000
25	0.779054642	81.428571429	50.000000000

17-12-08 00-12-18
Non static: True
Word embedding: w2v
Batch size: 20
Shuffer batch: True
Filter hs: [3, 4, 5]
Hidden units: [10, 2]
Dim: 50
epoch	training_time	train_perf	val_perf

1	1.618150949	56.428571429	50.000000000
2	0.903632641	56.428571429	50.000000000
3	1.305022240	56.428571429	50.000000000
4	1.467543125	56.428571429	50.000000000
5	1.363970041	56.428571429	50.000000000
6	1.101292849	56.428571429	50.000000000
7	1.031276464	56.428571429	50.000000000
8	0.997768879	56.428571429	50.000000000
9	1.107289553	56.428571429	50.000000000
10	1.163828135	56.428571429	50.000000000
11	1.385018826	56.428571429	50.000000000
12	1.504069567	56.428571429	50.000000000
13	1.794780016	56.428571429	50.000000000
14	1.787271738	56.428571429	50.000000000
15	1.776763678	57.500000000	50.000000000
16	1.945383549	67.142857143	55.000000000
17	1.627157211	57.142857143	50.000000000
18	1.427521944	83.928571429	60.000000000
19	1.488059044	85.357142857	75.000000000
20	1.414005280	90.357142857	75.000000000
21	1.702698708	87.142857143	75.000000000
22	1.878836393	88.571428571	75.000000000
23	1.505615473	92.857142857	65.000000000
24	1.385096550	93.214285714	60.000000000
25	1.256391764	93.928571429	75.000000000

17-12-08 00-20-52
Non static: True
Word embedding: w2v
Batch size: 20
Shuffer batch: True
Filter hs: [3, 4, 5]
Hidden units: [10, 2]
Dim: 100
epoch	training_time	train_perf	val_perf

1	2.886528254	56.428571429	50.000000000
2	3.767680407	56.428571429	50.000000000
3	2.461251736	56.428571429	50.000000000
4	2.607432365	56.428571429	50.000000000
5	1.968399048	56.428571429	50.000000000
6	2.005960703	56.428571429	50.000000000
7	3.333956957	56.428571429	50.000000000
8	3.018147469	56.428571429	50.000000000
9	1.938435078	56.428571429	50.000000000
10	2.561823130	63.214285714	50.000000000
11	2.541299582	74.642857143	60.000000000
12	2.229585171	84.285714286	80.000000000
13	1.854896545	66.071428571	55.000000000
14	2.155527592	86.071428571	75.000000000
15	1.854319334	87.857142857	80.000000000
16	2.008936405	91.428571429	75.000000000
17	1.871831894	94.642857143	70.000000000
18	2.396264076	93.571428571	80.000000000
19	2.042458296	95.357142857	80.000000000
20	2.001424551	96.785714286	80.000000000
21	1.845841169	98.571428571	70.000000000
22	2.248100281	98.928571429	80.000000000
23	1.837806225	98.928571429	80.000000000
24	2.199448109	99.642857143	80.000000000
25	2.237119913	99.642857143	80.000000000

17-12-08 00-28-36
Non static: True
Word embedding: w2v
Batch size: 20
Shuffer batch: True
Filter hs: [3, 4, 5]
Hidden units: [10, 2]
Dim: 150
epoch	training_time	train_perf	val_perf

1	3.490535498	56.428571429	50.000000000
2	2.957604647	56.428571429	50.000000000
3	3.382906914	56.428571429	50.000000000
4	3.513027668	56.428571429	50.000000000
5	5.191219091	56.428571429	50.000000000
6	3.431468725	56.428571429	50.000000000
7	3.451473951	56.428571429	50.000000000
8	3.407964230	57.142857143	50.000000000
9	3.317361116	83.571428571	60.000000000
10	2.917576313	77.500000000	55.000000000
11	3.075247288	89.285714286	65.000000000
12	2.993658304	88.571428571	65.000000000
13	3.395478249	95.357142857	65.000000000
14	3.350965977	89.642857143	65.000000000
15	5.858668566	93.928571429	65.000000000
16	4.478686571	97.142857143	75.000000000
17	3.964515924	96.428571429	70.000000000
18	4.417642117	97.857142857	75.000000000
19	2.735470295	97.857142857	75.000000000
20	3.106243849	98.214285714	75.000000000
21	2.945760727	98.928571429	75.000000000
22	3.088697672	99.285714286	80.000000000
23	2.833224058	99.285714286	75.000000000
24	3.751228333	99.642857143	75.000000000
25	3.166335106	100.000000000	80.000000000

17-12-08 00-31-05
Non static: True
Word embedding: w2v
Batch size: 20
Shuffer batch: True
Filter hs: [3, 4, 5]
Hidden units: [10, 2]
Dim: 200
epoch	training_time	train_perf	val_perf

1	6.951512098	56.428571429	50.000000000
2	4.767894268	56.428571429	50.000000000
3	5.136214256	56.428571429	50.000000000
4	5.506417990	56.428571429	50.000000000
5	5.025489092	56.428571429	50.000000000
6	3.944818020	56.428571429	50.000000000
7	4.420145035	56.428571429	50.000000000
8	4.809631348	85.357142857	65.000000000
9	6.104869127	87.142857143	80.000000000
10	3.932861090	88.928571429	75.000000000
11	4.512326956	91.071428571	75.000000000
12	3.759742975	90.714285714	75.000000000
13	3.701673985	95.000000000	80.000000000
14	3.552308798	96.428571429	85.000000000
15	4.931318998	96.428571429	75.000000000
16	4.198791981	99.642857143	85.000000000
17	4.643352747	99.285714286	85.000000000
18	5.194696426	99.642857143	85.000000000
19	4.367685080	100.000000000	90.000000000
20	4.235514402	100.000000000	85.000000000
21	3.743627310	100.000000000	85.000000000
22	3.417329073	100.000000000	90.000000000
23	3.809235573	100.000000000	85.000000000
24	3.969958544	100.000000000	85.000000000
25	3.858956575	100.000000000	90.000000000

17-12-08 00-34-35
Non static: True
Word embedding: w2v
Batch size: 20
Shuffer batch: True
Filter hs: [3, 4, 5]
Hidden units: [10, 2]
Dim: 250
epoch	training_time	train_perf	val_perf

1	4.534810066	56.428571429	50.000000000
2	4.994432211	56.428571429	50.000000000
3	4.756656408	56.428571429	50.000000000
4	4.722604990	56.428571429	50.000000000
5	5.463860750	56.428571429	50.000000000
6	4.872500896	56.428571429	50.000000000
7	5.783951998	57.142857143	50.000000000
8	5.154543638	76.071428571	55.000000000
9	4.690440893	90.000000000	75.000000000
10	4.803552628	86.428571429	50.000000000
11	4.614161015	95.000000000	80.000000000
12	4.770861864	95.357142857	80.000000000
13	4.544455767	95.714285714	75.000000000
14	4.916164875	97.142857143	80.000000000
15	5.060591936	98.214285714	80.000000000
16	6.068506956	99.285714286	80.000000000
17	4.548388720	99.642857143	80.000000000
18	5.249178886	99.642857143	80.000000000
19	5.398116589	100.000000000	80.000000000
20	4.807267904	100.000000000	85.000000000
21	4.199800253	100.000000000	80.000000000
22	4.582332611	100.000000000	80.000000000
23	4.994495630	100.000000000	80.000000000
24	4.309164047	100.000000000	80.000000000
25	4.186175108	100.000000000	85.000000000

17-12-08 00-37-13
Non static: True
Word embedding: w2v
Batch size: 20
Shuffer batch: True
Filter hs: [3, 4, 5]
Hidden units: [10, 2]
Dim: 300
epoch	training_time	train_perf	val_perf

1	5.530447960	56.428571429	50.000000000
2	5.806290150	56.428571429	50.000000000
3	6.319969893	56.428571429	50.000000000
4	8.223846912	56.428571429	50.000000000
5	6.969996452	56.428571429	50.000000000
6	7.093352556	68.928571429	60.000000000
7	7.507875681	70.357142857	60.000000000
8	8.552623749	92.857142857	80.000000000
9	5.711654663	93.571428571	80.000000000
10	5.857375622	95.000000000	80.000000000
11	6.526147366	96.071428571	80.000000000
12	5.883246899	97.500000000	80.000000000
13	5.452799082	97.142857143	90.000000000
14	5.565191269	99.285714286	80.000000000
15	5.907758236	99.642857143	80.000000000
16	5.457924843	100.000000000	80.000000000
17	5.261353016	100.000000000	80.000000000
18	5.851259232	100.000000000	85.000000000
19	5.758520603	100.000000000	85.000000000
20	8.571520567	100.000000000	80.000000000
21	5.953953266	100.000000000	80.000000000
22	6.625057936	100.000000000	80.000000000
23	5.968818426	100.000000000	85.000000000
24	5.427993059	100.000000000	80.000000000
25	5.354650021	100.000000000	85.000000000

===============================================================================
17-12-08 00-53-02
Non static: True
Word embedding: rand
Batch size: 20
Shuffer batch: True
Filter hs: [3, 4, 5]
Hidden units: [10, 2]
Dim: 100
epoch	training_time	train_perf	val_perf

1	2.659942389	56.428571429	50.000000000
2	2.593561649	56.428571429	50.000000000
3	1.761378288	56.428571429	50.000000000
4	1.700450897	56.428571429	50.000000000
5	2.371687651	56.428571429	50.000000000
6	2.641106606	56.428571429	50.000000000
7	2.857095718	56.428571429	50.000000000
8	2.411717415	56.428571429	50.000000000
9	2.075006008	56.785714286	50.000000000
10	2.658154011	63.214285714	45.000000000
11	2.184608221	83.214285714	65.000000000
12	2.057315826	86.071428571	70.000000000
13	1.767277479	97.500000000	75.000000000
14	2.391106844	98.214285714	75.000000000
15	2.492627382	98.928571429	75.000000000
16	1.818719864	99.642857143	75.000000000
17	2.809474945	100.000000000	80.000000000
18	3.000133753	100.000000000	80.000000000
19	2.674390554	100.000000000	85.000000000
20	2.196644545	100.000000000	80.000000000
21	2.220078707	100.000000000	80.000000000
22	2.139022112	100.000000000	80.000000000
23	2.155064583	100.000000000	80.000000000
24	2.304998875	100.000000000	80.000000000
25	2.225584745	100.000000000	75.000000000

17-12-08 00-54-18
Non static: True
Word embedding: w2v
Batch size: 20
Shuffer batch: True
Filter hs: [3, 4, 5]
Hidden units: [10, 2]
Dim: 100
epoch	training_time	train_perf	val_perf

1	1.955727816	56.428571429	50.000000000
2	1.854691505	56.428571429	50.000000000
3	2.176666021	56.428571429	50.000000000
4	1.954713583	56.428571429	50.000000000
5	1.822866678	56.428571429	50.000000000
6	1.742660522	56.428571429	50.000000000
7	1.722713232	56.428571429	50.000000000
8	1.703123331	56.428571429	50.000000000
9	1.951769352	56.428571429	50.000000000
10	1.793220520	63.214285714	50.000000000
11	1.816397667	74.642857143	60.000000000
12	1.947969675	84.285714286	80.000000000
13	2.072962046	66.071428571	55.000000000
14	1.714359999	86.071428571	75.000000000
15	1.924059391	87.857142857	80.000000000
16	1.856841326	91.428571429	75.000000000
17	1.719461441	94.642857143	70.000000000
18	1.663212538	93.571428571	80.000000000
19	1.661809444	95.357142857	80.000000000
20	1.690254211	96.785714286	80.000000000
21	1.831753731	98.571428571	70.000000000
22	1.746093035	98.928571429	80.000000000
23	1.794600010	98.928571429	80.000000000
24	2.276331902	99.642857143	80.000000000
25	1.671672344	99.642857143	80.000000000

17-12-08 00-55-23
Non static: True
Word embedding: glove
Batch size: 20
Shuffer batch: True
Filter hs: [3, 4, 5]
Hidden units: [10, 2]
Dim: 100
epoch	training_time	train_perf	val_perf

1	1.691852808	56.428571429	50.000000000
2	1.697667360	56.428571429	50.000000000
3	1.957535982	56.428571429	50.000000000
4	1.715648890	56.428571429	50.000000000
5	1.683371305	56.428571429	50.000000000
6	1.730996609	56.428571429	50.000000000
7	1.799777985	56.428571429	50.000000000
8	1.734849453	56.428571429	50.000000000
9	1.812294722	57.142857143	45.000000000
10	2.074110031	57.857142857	50.000000000
11	1.841282129	63.928571429	45.000000000
12	1.906579733	61.071428571	45.000000000
13	2.015924692	83.571428571	75.000000000
14	2.064393520	77.500000000	40.000000000
15	1.917482138	69.642857143	40.000000000
16	1.811912537	79.285714286	55.000000000
17	1.800406694	76.785714286	55.000000000
18	1.700605154	92.857142857	75.000000000
19	1.701150417	95.714285714	80.000000000
20	1.783803463	96.071428571	75.000000000
21	1.684930801	97.857142857	75.000000000
22	1.757788181	96.071428571	70.000000000
23	2.085512877	98.928571429	85.000000000
24	2.121141911	98.571428571	80.000000000
25	1.999523640	98.928571429	75.000000000

===============================================================================
17-12-08 01-10-35
Non static: True
Word embedding: w2v
Batch size: 20
Shuffer batch: True
Filter hs: [3, 3, 3]
Hidden units: [10, 2]
Dim: 100
epoch	training_time	train_perf	val_perf

1	1.388830900	56.428571429	50.000000000
2	1.501352549	56.428571429	50.000000000
3	1.590743065	56.428571429	50.000000000
4	1.349627018	56.428571429	50.000000000
5	1.644965887	56.428571429	50.000000000
6	1.760173082	56.428571429	50.000000000
7	1.595944881	56.428571429	50.000000000
8	1.572282314	56.428571429	50.000000000
9	1.443911791	57.857142857	50.000000000
10	1.897722721	63.214285714	55.000000000
11	1.427429676	68.571428571	55.000000000
12	1.323456764	70.000000000	55.000000000
13	1.659265280	88.214285714	65.000000000
14	1.490661144	82.500000000	60.000000000
15	1.598587275	91.785714286	60.000000000
16	1.593285799	92.857142857	65.000000000
17	1.562590361	91.785714286	60.000000000
18	1.483954906	96.071428571	80.000000000
19	1.702080250	96.428571429	80.000000000
20	1.430502892	97.142857143	80.000000000
21	1.375275373	98.214285714	80.000000000
22	1.337849617	98.214285714	80.000000000
23	1.315381527	98.571428571	80.000000000
24	1.364270926	98.928571429	80.000000000
25	1.437381506	99.642857143	80.000000000

17-12-08 01-12-20
Non static: True
Word embedding: w2v
Batch size: 20
Shuffer batch: True
Filter hs: [4, 4, 4]
Hidden units: [10, 2]
Dim: 100
epoch	training_time	train_perf	val_perf

1	1.841309071	56.428571429	50.000000000
2	2.230604410	56.428571429	50.000000000
3	1.972402811	56.428571429	50.000000000
4	1.941381693	56.428571429	50.000000000
5	1.975405216	56.428571429	50.000000000
6	1.919366837	56.428571429	50.000000000
7	1.760251284	56.428571429	50.000000000
8	2.129386663	56.428571429	50.000000000
9	2.199608803	63.214285714	50.000000000
10	2.064462900	61.071428571	50.000000000
11	2.009431362	65.357142857	55.000000000
12	1.996812820	68.928571429	60.000000000
13	2.353676319	85.357142857	65.000000000
14	2.767995834	82.500000000	65.000000000
15	2.398706913	88.928571429	65.000000000
16	2.730442762	91.428571429	65.000000000
17	1.891346455	90.714285714	65.000000000
18	1.877862453	96.071428571	70.000000000
19	2.216076851	96.428571429	65.000000000
20	2.345168829	97.142857143	75.000000000
21	2.534303188	99.285714286	75.000000000
22	2.658891678	99.642857143	75.000000000
23	1.956838131	99.285714286	75.000000000
24	2.031979561	98.928571429	80.000000000
25	2.323342323	99.642857143	75.000000000

17-12-08 01-14-30
Non static: True
Word embedding: w2v
Batch size: 20
Shuffer batch: True
Filter hs: [5, 5, 5]
Hidden units: [10, 2]
Dim: 100
epoch	training_time	train_perf	val_perf

1	2.263620377	56.428571429	50.000000000
2	2.507806540	56.428571429	50.000000000
3	2.361191273	56.428571429	50.000000000
4	2.695445299	56.428571429	50.000000000
5	2.438745499	56.428571429	50.000000000
6	2.612950563	56.428571429	50.000000000
7	2.362256765	56.428571429	50.000000000
8	2.168706656	56.428571429	50.000000000
9	2.312470913	56.428571429	50.000000000
10	2.336677074	57.142857143	50.000000000
11	2.444836617	57.142857143	50.000000000
12	2.556335688	63.928571429	55.000000000
13	2.288144827	66.785714286	45.000000000
14	2.457772255	71.785714286	55.000000000
15	3.692427635	85.000000000	65.000000000
16	4.202042818	81.071428571	60.000000000
17	3.733190775	88.214285714	65.000000000
18	3.923175335	94.642857143	65.000000000
19	3.260084867	96.428571429	65.000000000
20	2.340466261	96.785714286	65.000000000
21	2.516484737	97.142857143	65.000000000
22	2.134960890	97.142857143	70.000000000
23	2.883138657	98.928571429	65.000000000
24	3.369096518	98.928571429	65.000000000
25	2.877647161	99.285714286	65.000000000

17-12-08 01-17-00
Non static: True
Word embedding: w2v
Batch size: 20
Shuffer batch: True
Filter hs: [6, 6, 6]
Hidden units: [10, 2]
Dim: 100
epoch	training_time	train_perf	val_perf

1	2.988133430	56.428571429	50.000000000
2	2.615361452	56.428571429	50.000000000
3	2.598931551	56.428571429	50.000000000
4	2.713191986	56.428571429	50.000000000
5	2.942989826	56.428571429	50.000000000
6	2.487784147	56.428571429	50.000000000
7	2.398729324	56.428571429	50.000000000
8	2.400279522	56.428571429	50.000000000
9	2.394214630	57.142857143	50.000000000
10	2.456780672	56.428571429	50.000000000
11	2.476776123	71.785714286	50.000000000
12	2.360051394	64.285714286	50.000000000
13	2.411230087	79.285714286	65.000000000
14	2.597873449	70.714285714	55.000000000
15	2.503796577	81.785714286	55.000000000
16	2.447252989	78.571428571	55.000000000
17	2.486289501	84.642857143	55.000000000
18	2.482919693	91.428571429	65.000000000
19	2.483287096	95.714285714	60.000000000
20	2.427349567	96.071428571	60.000000000
21	2.479939461	97.500000000	65.000000000
22	2.434815168	98.214285714	65.000000000
23	2.426256895	99.642857143	70.000000000
24	2.587399006	99.285714286	70.000000000
25	2.406232119	99.642857143	65.000000000

17-12-08 01-18-47
Non static: True
Word embedding: w2v
Batch size: 20
Shuffer batch: True
Filter hs: [7, 7, 7]
Hidden units: [10, 2]
Dim: 100
epoch	training_time	train_perf	val_perf

1	2.716932297	56.428571429	50.000000000
2	2.775976896	56.428571429	50.000000000
3	2.822005033	56.428571429	50.000000000
4	3.108211756	56.428571429	50.000000000
5	2.914073467	56.428571429	50.000000000
6	2.859033346	56.428571429	50.000000000
7	3.083193064	56.428571429	50.000000000
8	3.061177969	56.428571429	50.000000000
9	2.789984465	76.428571429	50.000000000
10	2.808999062	56.428571429	50.000000000
11	3.151242971	77.142857143	50.000000000
12	2.988125086	59.285714286	50.000000000
13	3.056176424	61.071428571	70.000000000
14	2.992127419	75.000000000	60.000000000
15	3.313843012	80.357142857	60.000000000
16	3.485479593	82.500000000	60.000000000
17	3.496607304	85.714285714	60.000000000
18	4.805990219	87.857142857	65.000000000
19	5.050874233	91.071428571	65.000000000
20	3.961329937	96.071428571	70.000000000
21	3.069210529	96.785714286	70.000000000
22	3.264822960	96.785714286	70.000000000
23	3.521031141	98.928571429	70.000000000
24	3.304377556	99.285714286	80.000000000
25	3.367360115	99.285714286	75.000000000

17-12-08 01-20-31
Non static: True
Word embedding: w2v
Batch size: 20
Shuffer batch: True
Filter hs: [3, 4, 5]
Hidden units: [10, 2]
Dim: 100
epoch	training_time	train_perf	val_perf

1	2.764464617	56.428571429	50.000000000
2	2.246147394	56.428571429	50.000000000
3	2.333707094	56.428571429	50.000000000
4	2.645464897	56.428571429	50.000000000
5	2.035529852	56.428571429	50.000000000
6	1.691215038	56.428571429	50.000000000
7	1.692207575	56.428571429	50.000000000
8	1.696722984	56.428571429	50.000000000
9	1.994931936	56.428571429	50.000000000
10	2.300651789	63.214285714	50.000000000
11	1.916939974	74.642857143	60.000000000
12	1.730402946	84.285714286	80.000000000
13	2.704935074	66.071428571	55.000000000
14	2.245097399	86.071428571	75.000000000
15	1.984439135	87.857142857	80.000000000
16	1.682591677	91.428571429	75.000000000
17	1.774653435	94.642857143	70.000000000
18	1.796113968	93.571428571	80.000000000
19	1.831090212	95.357142857	80.000000000
20	1.727744102	96.785714286	80.000000000
21	1.734241247	98.571428571	70.000000000
22	2.953768492	98.928571429	80.000000000
23	3.548024178	98.928571429	80.000000000
24	3.072246313	99.642857143	80.000000000
25	2.907124043	99.642857143	80.000000000

17-12-08 01-21-48
Non static: True
Word embedding: w2v
Batch size: 20
Shuffer batch: True
Filter hs: [3, 5, 7]
Hidden units: [10, 2]
Dim: 100
epoch	training_time	train_perf	val_perf

1	2.320653200	56.428571429	50.000000000
2	2.375837803	56.428571429	50.000000000
3	2.717433691	56.428571429	50.000000000
4	2.479264736	56.428571429	50.000000000
5	2.490772486	56.428571429	50.000000000
6	2.450749159	56.428571429	50.000000000
7	2.647883654	56.428571429	50.000000000
8	2.490347624	56.428571429	50.000000000
9	2.497303724	60.714285714	50.000000000
10	2.421298504	65.357142857	55.000000000
11	2.503786802	73.571428571	60.000000000
12	2.615368843	70.357142857	55.000000000
13	2.480819225	85.000000000	70.000000000
14	2.537805319	82.142857143	55.000000000
15	2.451243877	90.714285714	60.000000000
16	2.696918011	88.928571429	60.000000000
17	2.221627712	95.000000000	65.000000000
18	2.288127422	96.785714286	65.000000000
19	2.293660641	97.500000000	70.000000000
20	2.220088005	97.857142857	70.000000000
21	2.207662106	98.928571429	70.000000000
22	2.174328804	98.928571429	75.000000000
23	2.342741013	98.571428571	75.000000000
24	2.425724030	98.571428571	85.000000000
25	2.259608507	99.642857143	75.000000000

===============================================================================
17-12-08 01-42-55
Non static: True
Word embedding: w2v
Batch size: 20
Shuffer batch: True
Filter hs: [3, 5, 7]
Hidden units: [10, 2]
Dim: 100
epoch	training_time	train_perf	val_perf

1	2.142524004	56.428571429	50.000000000
2	2.314645767	56.428571429	50.000000000
3	1.963397741	56.428571429	50.000000000
4	2.104497433	56.428571429	50.000000000
5	2.174546719	56.428571429	50.000000000
6	2.255603552	56.428571429	50.000000000
7	2.113504171	56.428571429	50.000000000
8	2.245598078	56.428571429	50.000000000
9	2.546330452	60.714285714	50.000000000
10	2.989264727	65.357142857	55.000000000
11	2.402237654	73.571428571	60.000000000
12	2.237119198	70.357142857	55.000000000
13	2.120036364	85.000000000	70.000000000
14	2.257636786	82.142857143	55.000000000
15	2.227120638	90.714285714	60.000000000
16	2.085426092	88.928571429	60.000000000
17	2.092211723	95.000000000	65.000000000
18	2.099045992	96.785714286	65.000000000
19	2.313249350	97.500000000	70.000000000
20	2.087118387	97.857142857	70.000000000
21	2.060467482	98.928571429	70.000000000
22	2.110501528	98.928571429	75.000000000
23	2.093491793	98.571428571	75.000000000
24	2.057463884	98.571428571	85.000000000
25	2.126513958	99.642857143	75.000000000

17-12-08 01-45-40
Non static: True
Word embedding: w2v
Batch size: 20
Shuffer batch: True
Filter hs: [3, 5, 7]
Hidden units: [20, 2]
Dim: 100
epoch	training_time	train_perf	val_perf

1	4.194987059	56.428571429	50.000000000
2	4.120931625	56.428571429	50.000000000
3	4.150955439	56.428571429	50.000000000
4	4.130939007	56.428571429	50.000000000
5	4.169967890	56.428571429	50.000000000
6	4.307062387	56.428571429	50.000000000
7	4.237014771	56.428571429	50.000000000
8	4.278043747	56.428571429	50.000000000
9	4.084907770	71.785714286	55.000000000
10	4.007850885	77.857142857	65.000000000
11	4.132938147	91.785714286	65.000000000
12	3.994842529	77.857142857	65.000000000
13	4.029869795	91.785714286	55.000000000
14	3.932795286	86.071428571	65.000000000
15	4.014854670	88.928571429	65.000000000
16	3.978834391	93.214285714	65.000000000
17	3.946804762	96.071428571	65.000000000
18	4.036870003	97.500000000	65.000000000
19	4.002847433	97.857142857	60.000000000
20	4.062888145	98.571428571	60.000000000
21	3.973826408	98.571428571	60.000000000
22	4.114926338	98.928571429	65.000000000
23	4.112926960	98.928571429	65.000000000
24	4.058888435	98.928571429	75.000000000
25	4.044874191	100.000000000	60.000000000

17-12-08 01-48-14
Non static: True
Word embedding: w2v
Batch size: 20
Shuffer batch: True
Filter hs: [3, 5, 7]
Hidden units: [40, 2]
Dim: 100
epoch	training_time	train_perf	val_perf

1	7.823578835	56.428571429	50.000000000
2	9.211577415	56.428571429	50.000000000
3	7.774040461	56.428571429	50.000000000
4	7.748512268	56.428571429	50.000000000
5	9.205171347	56.428571429	50.000000000
6	9.252521515	56.428571429	50.000000000
7	8.052071810	56.428571429	50.000000000
8	7.758671284	80.000000000	60.000000000
9	7.686049938	79.285714286	55.000000000
10	7.859292746	73.928571429	55.000000000
11	7.579502583	89.285714286	65.000000000
12	7.686924458	83.571428571	60.000000000
13	7.737574339	91.785714286	75.000000000
14	7.781900883	91.785714286	65.000000000
15	7.770498753	93.571428571	70.000000000
16	7.821253061	95.357142857	65.000000000
17	7.835030079	96.071428571	70.000000000
18	7.778863192	96.785714286	75.000000000
19	7.810339689	99.285714286	75.000000000
20	7.800833702	99.285714286	75.000000000
21	8.014655828	99.642857143	80.000000000
22	7.890313864	99.642857143	80.000000000
23	7.424142838	100.000000000	75.000000000
24	7.583343506	100.000000000	75.000000000
25	7.847105980	100.000000000	75.000000000

17-12-08 01-54-33
Non static: True
Word embedding: w2v
Batch size: 20
Shuffer batch: True
Filter hs: [3, 5, 7]
Hidden units: [80, 2]
Dim: 100
epoch	training_time	train_perf	val_perf

1	16.140482187	56.428571429	50.000000000
2	15.854281425	56.428571429	50.000000000
3	15.894307613	56.428571429	50.000000000
4	15.178888798	56.428571429	50.000000000
5	15.284394979	56.428571429	50.000000000
6	15.588391542	56.428571429	50.000000000
7	15.228848696	56.428571429	50.000000000
8	15.268240690	86.071428571	65.000000000
9	15.335793018	84.642857143	65.000000000
10	15.363495827	76.785714286	60.000000000
11	15.879953623	90.714285714	65.000000000
12	15.744363308	88.571428571	70.000000000
13	15.594300270	93.571428571	70.000000000
14	17.892460346	95.714285714	65.000000000
15	16.158028126	96.428571429	70.000000000
16	15.271748781	98.214285714	75.000000000
17	15.249897480	99.642857143	75.000000000
18	15.476098061	99.642857143	70.000000000
19	15.698251963	99.642857143	70.000000000
20	16.538766623	99.642857143	70.000000000
21	19.888513088	100.000000000	75.000000000
22	19.780775547	100.000000000	70.000000000
23	22.040381193	100.000000000	70.000000000
24	19.767818689	100.000000000	70.000000000
25	18.389379978	100.000000000	75.000000000

18-01-08 22-10-55
Non static: True
Word embedding: w2v
Batch size: 20
Shuffer batch: True
Filter hs: [3, 5, 7]
Hidden units: [40, 2]
Dim: 100
epoch	training_time	train_perf	val_perf

1	9.283409357	56.428571429	50.000000000
2	9.282529593	56.428571429	50.000000000
3	10.705607414	56.428571429	50.000000000
4	9.455248117	56.428571429	50.000000000
5	11.742155075	56.428571429	50.000000000
6	16.635394573	56.428571429	50.000000000
7	14.216615438	56.428571429	50.000000000
8	13.666176081	80.000000000	60.000000000
9	11.283043623	79.285714286	55.000000000
10	9.806486368	73.928571429	55.000000000
11	9.657902718	89.285714286	65.000000000
12	9.365211010	83.571428571	60.000000000
13	8.489785433	91.785714286	75.000000000
14	9.871573925	91.785714286	65.000000000
15	7.784604311	93.571428571	70.000000000
16	8.948437691	95.357142857	65.000000000
17	7.316970587	96.071428571	70.000000000
18	6.982779264	96.785714286	75.000000000
19	9.459299803	99.285714286	75.000000000
20	8.988949537	99.285714286	75.000000000
21	8.408589840	99.642857143	80.000000000
22	8.015698433	99.642857143	80.000000000
23	7.592781782	100.000000000	75.000000000
24	7.418051958	100.000000000	75.000000000
25	7.857535362	100.000000000	75.000000000
